1 0 0 0 0 1 0 0 0 0 1 0 
0.999997 0.00213541 0.000797776 -0.0455622 -0.00213687 0.999996 0.00183143 -0.0229124 -0.000793862 -0.00183313 0.999998 0.827847 
0.999992 0.00379974 -0.00113038 -0.0126362 -0.00379695 0.99999 0.00245989 -0.0380234 0.00113972 -0.00245557 0.999996 1.66916 
0.999989 0.004556 -0.000597478 -0.0219383 -0.0045547 0.999987 0.00216506 -0.0584572 0.000607335 -0.00216231 0.999997 2.45041 
0.999982 0.00598076 0.000650186 -0.0992689 -0.00598162 0.999981 0.00134092 -0.0597098 -0.000642154 -0.00134478 0.999999 3.25161 
0.999984 0.00509709 0.00241961 -0.180047 -0.00510185 0.999985 0.00196569 -0.108941 -0.00240956 -0.00197801 0.999995 3.99328 
0.999979 0.00438726 0.00470812 -0.239372 -0.00440628 0.999982 0.00403779 -0.150225 -0.00469033 -0.00405845 0.999981 4.74479 
0.99997 0.00567249 0.00530653 -0.244735 -0.0057093 0.99996 0.00694702 -0.175678 -0.00526691 -0.00697711 0.999962 5.459 
0.999954 0.00595395 0.00746875 -0.247398 -0.00601764 0.999945 0.00853411 -0.129437 -0.00741753 -0.00857867 0.999936 6.13114 
0.999935 0.00530153 0.0101079 -0.266035 -0.00543079 0.999903 0.0128044 -0.155106 -0.010039 -0.0128584 0.999867 6.77299 
0.999949 0.00416 0.00916284 -0.2066 -0.00429651 0.999879 0.0149286 -0.158908 -0.00909963 -0.0149673 0.999847 7.39301 
0.999943 0.00448067 0.00972701 -0.187423 -0.00461813 0.999889 0.0141556 -0.152899 -0.00966251 -0.0141997 0.999852 8.00491 
0.999939 0.00541855 0.00962799 -0.157565 -0.00553692 0.999909 0.0123113 -0.177046 -0.0095604 -0.0123638 0.999878 8.56576 
0.999927 0.00558015 0.0106742 -0.141978 -0.00568406 0.999937 0.00972943 -0.189635 -0.0106192 -0.0097894 0.999896 9.07827 
0.999924 0.00306422 0.0119467 -0.126841 -0.00316226 0.999961 0.0081967 -0.179775 -0.0119211 -0.00823386 0.999895 9.56275 
0.999874 -0.00223822 0.0157298 -0.193673 0.00213719 0.999977 0.00643652 -0.186554 -0.0157438 -0.00640209 0.999856 10.0255 
0.99983 -0.00440657 0.0178765 -0.204756 0.00431104 0.999976 0.00537865 -0.199122 -0.0178998 -0.00530067 0.999826 10.4663 
0.999803 -3.59316e-05 0.0198693 -0.200962 -2.7599e-05 0.999995 0.00319715 -0.207167 -0.0198693 -0.00319706 0.999797 10.8979 
0.999662 0.00549192 0.0253982 -0.246137 -0.00553499 0.999983 0.00162563 -0.198733 -0.0253889 -0.00176566 0.999676 11.268 
0.999567 0.00649985 0.0286978 -0.233586 -0.00657347 0.999975 0.00247199 -0.197963 -0.028681 -0.00265956 0.999585 11.6166 
0.999499 0.00228726 0.0315631 -0.208706 -0.00238345 0.999993 0.00301016 -0.198976 -0.031556 -0.00308389 0.999497 11.9474 
0.999415 -0.00250676 0.0341219 -0.191317 0.00240891 0.999993 0.00290862 -0.200162 -0.0341289 -0.00282472 0.999413 12.2553 
0.999409 -0.00560411 0.0339263 -0.117342 0.00550674 0.99998 0.00296261 -0.181006 -0.0339423 -0.00277404 0.99942 12.5344 
0.999388 -0.00656695 0.0343556 -0.0676881 0.00638548 0.999965 0.00538911 -0.210328 -0.0343897 -0.00516644 0.999395 12.7479 
0.999335 -0.00626074 0.0359209 -0.0366793 0.00610433 0.999971 0.00446228 -0.206932 -0.0359478 -0.00424004 0.999345 12.9658 
0.999463 -0.00516304 0.0323661 0.0781714 0.00507967 0.999984 0.00265749 -0.206362 -0.0323793 -0.00249165 0.999473 13.1425 
0.99938 -0.0036455 0.0350153 0.0859274 0.00358033 0.999992 0.00192372 -0.204455 -0.035022 -0.00179717 0.999385 13.3506 
0.999356 -0.00105553 0.0358684 0.130568 0.00101206 0.999999 0.00123007 -0.205707 -0.0358697 -0.00119298 0.999356 13.5543 
0.999301 5.74306e-05 0.0373857 0.137687 -5.2518e-05 1 -0.000132387 -0.207366 -0.0373858 0.000130331 0.999301 13.7545 
0.999217 -0.00106077 0.0395617 0.12218 0.00113787 0.999997 -0.00192633 -0.208423 -0.0395595 0.00196984 0.999215 13.9483 
0.999484 -0.00148919 0.032076 0.270081 0.00161165 0.999992 -0.00379242 -0.209827 -0.0320701 0.00384216 0.999478 14.0704 
0.999397 -0.00240794 0.0346326 0.222152 0.00256977 0.999986 -0.00462883 -0.220583 -0.0346209 0.00471503 0.999389 14.2563 
0.999331 -0.00164092 0.0365354 0.21688 0.00186677 0.999979 -0.00614863 -0.223768 -0.0365246 0.00621272 0.999313 14.4479 
0.999509 -0.000428626 0.0313273 0.372081 0.000693966 0.999964 -0.00845954 -0.223631 -0.0313225 0.00847713 0.999473 14.5588 
0.999725 0.000625827 0.0234382 0.535522 -0.000390216 0.999949 -0.0100557 -0.240444 -0.0234433 0.0100438 0.999675 14.6558 
0.999706 -5.71488e-05 0.0242624 0.542965 0.000357589 0.999923 -0.0123788 -0.248329 -0.0242598 0.0123838 0.999629 14.8459 
0.999795 -0.00164877 0.0201748 0.632848 0.00193331 0.999899 -0.0140923 -0.255148 -0.0201495 0.0141284 0.999697 15.0136 
0.999845 -0.00185559 0.0175261 0.670248 0.00212669 0.999878 -0.0154628 -0.255389 -0.0174953 0.0154977 0.999727 15.1987 
0.999885 -0.00193901 0.0150589 0.653299 0.00218578 0.999863 -0.0163878 -0.258086 -0.0150251 0.0164188 0.999752 15.3878 
0.999967 -0.00138077 0.00794938 0.724025 0.00151833 0.999849 -0.0173238 -0.272971 -0.00792426 0.0173353 0.999818 15.5631 
0.999999 -0.00160224 -0.000240084 0.768257 0.00159765 0.999836 -0.0180324 -0.292028 0.000268937 0.018032 0.999837 15.7464 
0.999978 -0.00160408 -0.0064736 0.752634 0.0014801 0.999816 -0.0191122 -0.288498 0.00650307 0.0191022 0.999796 15.9349 
0.999904 -0.00171565 -0.0137742 0.761697 0.00144123 0.999801 -0.0199075 -0.295688 0.0138056 0.0198857 0.999707 16.1209 
0.999757 -0.00259989 -0.0218718 0.75967 0.00214715 0.999783 -0.0206975 -0.296084 0.0219208 0.0206455 0.999547 16.3074 
0.999497 -0.00373885 -0.0314846 0.714414 0.00305624 0.99976 -0.0217012 -0.322893 0.0315581 0.0215941 0.999269 16.4897 
0.998921 -0.00625175 -0.0460176 0.734888 0.00521348 0.99973 -0.0226481 -0.343549 0.0461468 0.0223838 0.998684 16.6796 
0.998105 -0.00798958 -0.0610181 0.672041 0.00649702 0.999676 -0.0246204 -0.356047 0.061195 0.0241773 0.997833 16.8699 
0.340136 -0.752936 0.563378 0.829614 -0.791668 -0.5526 -0.260568 -0.451932 0.507514 -0.357379 -0.784034 16.9495 
0.328542 -0.745428 0.579998 0.937393 -0.791673 -0.552242 -0.261308 -0.48116 0.515086 -0.373318 -0.77157 16.7676 
0.316151 -0.73639 0.598145 1.05225 -0.790957 -0.552738 -0.262427 -0.516393 0.523866 -0.39014 -0.757202 16.5858 
0.3008 -0.725521 0.618982 1.19164 -0.790468 -0.552785 -0.263795 -0.582232 0.533553 -0.409936 -0.739779 16.4001 
0.283777 -0.713116 0.641044 1.32953 -0.789705 -0.553012 -0.2656 -0.626409 0.543908 -0.430864 -0.720083 16.204 
0.266235 -0.698216 0.66454 1.48812 -0.787836 -0.554843 -0.267328 -0.6645 0.555368 -0.452376 -0.697798 15.9884 
0.244593 -0.680626 0.690596 1.68599 -0.785179 -0.556925 -0.270793 -0.69683 0.568919 -0.476007 -0.670633 15.7855 
0.220895 -0.660265 0.717813 1.86583 -0.782314 -0.559453 -0.273856 -0.754413 0.5824 -0.501062 -0.640115 15.5753 
0.193672 -0.639294 0.744173 2.08564 -0.780115 -0.560318 -0.278325 -0.810283 0.594905 -0.526637 -0.607241 15.3614 
0.16487 -0.615825 0.77044 2.32856 -0.778161 -0.561179 -0.282037 -0.88843 0.60604 -0.553027 -0.571732 15.1557 
0.135596 -0.590532 0.795541 2.58479 -0.77494 -0.563515 -0.286214 -0.930714 0.617318 -0.577687 -0.534038 14.9574 
0.10588 -0.562445 0.820027 2.86173 -0.77062 -0.567591 -0.289802 -0.992011 0.628438 -0.601245 -0.493528 14.7408 
0.0737956 -0.53348 0.842587 3.15011 -0.766814 -0.57054 -0.294076 -1.04042 0.637613 -0.624406 -0.451184 14.5465 
0.0385875 -0.503267 0.863269 3.44074 -0.764467 -0.571215 -0.298835 -1.09837 0.643506 -0.64841 -0.406773 14.383 
0.00384375 -0.471373 0.881926 3.76366 -0.76308 -0.571373 -0.302062 -1.15833 0.646292 -0.671819 -0.361891 14.2024 
-0.0338118 -0.438172 0.898255 4.10557 -0.762079 -0.570173 -0.306818 -1.21012 0.6466 -0.694916 -0.314643 14.0455 
-0.0702188 -0.400547 0.913582 4.45183 -0.761355 -0.570221 -0.308523 -1.29682 0.644521 -0.717224 -0.264918 13.886 
-0.108433 -0.358448 0.927231 4.81592 -0.760106 -0.571238 -0.309718 -1.40113 0.640687 -0.738378 -0.210517 13.7518 
-0.142905 -0.316706 0.937697 5.20055 -0.758976 -0.573016 -0.309204 -1.48144 0.635242 -0.755877 -0.158486 13.6342 
-0.177345 -0.273575 0.94536 5.63094 -0.759299 -0.573084 -0.308284 -1.58809 0.62611 -0.772484 -0.106092 13.5339 
-0.208915 -0.229454 0.950634 6.08764 -0.759264 -0.574595 -0.305548 -1.68322 0.616339 -0.785616 -0.0541747 13.4411 
-0.240024 -0.187461 0.952495 6.55021 -0.758744 -0.575822 -0.304527 -1.77611 0.605555 -0.795794 -0.00402445 13.3574 
-0.272293 -0.144169 0.951352 7.04411 -0.757221 -0.577937 -0.304311 -1.85939 0.593694 -0.803246 0.0482003 13.3253 
-0.306413 -0.0987336 0.946764 7.53396 -0.757573 -0.576928 -0.305348 -1.95626 0.576363 -0.810806 0.10198 13.3063 
-0.338236 -0.0493605 0.939766 8.07248 -0.758359 -0.577 -0.303252 -2.08061 0.557214 -0.815251 0.157729 13.333 
-0.368383 0.000328786 0.929674 8.61251 -0.759173 -0.577308 -0.300618 -2.20847 0.53661 -0.816526 0.21292 13.3956 
-0.398245 0.0456898 0.916141 9.18016 -0.759737 -0.576092 -0.301525 -2.31678 0.514005 -0.816107 0.264138 13.4709 
-0.428063 0.0886585 0.89939 9.75086 -0.755751 -0.580835 -0.302442 -2.43604 0.495583 -0.809178 0.315638 13.5843 
-0.453948 0.132528 0.881117 10.3225 -0.753336 -0.585171 -0.3001 -2.58214 0.475833 -0.800007 0.365475 13.7591 
-0.473948 0.17441 0.863108 10.9275 -0.753959 -0.586732 -0.295451 -2.7334 0.454883 -0.790776 0.409578 13.9925 
-0.494232 0.209716 0.843655 11.5221 -0.753368 -0.587577 -0.295279 -2.8907 0.433788 -0.781519 0.448393 14.2506 
-0.513216 0.239489 0.824169 12.1367 -0.752903 -0.586605 -0.298381 -3.05629 0.412003 -0.773653 0.481367 14.553 
-0.531377 0.264095 0.804917 12.7369 -0.752278 -0.583986 -0.30502 -3.23128 0.389506 -0.767603 0.50899 14.8591 
-0.544713 0.283706 0.789176 13.3429 -0.750447 -0.584937 -0.307699 -3.41825 0.374322 -0.759842 0.531529 15.2152 
-0.554318 0.298527 0.776925 13.9499 -0.747662 -0.588741 -0.307221 -3.63403 0.365694 -0.751176 0.549548 15.6145 
-0.558721 0.308915 0.769677 14.5918 -0.745945 -0.5928 -0.303569 -3.86659 0.362488 -0.743747 0.561643 16.0587 
-0.562529 0.31481 0.764497 15.2008 -0.744518 -0.59497 -0.302826 -4.09483 0.359521 -0.73953 0.56907 16.5018 
-0.563504 0.317654 0.7626 15.8301 -0.745745 -0.592759 -0.304141 -4.32479 0.355427 -0.74009 0.570911 16.9722 
-0.557448 0.323385 0.76464 16.4445 -0.752279 -0.586347 -0.300456 -4.58663 0.351181 -0.742711 0.570133 17.4431 
-0.547 0.328063 0.770172 17.1036 -0.759756 -0.580864 -0.292178 -4.86209 0.351513 -0.744964 0.566981 17.9542 
-0.544466 0.324062 0.773654 17.7626 -0.75996 -0.580944 -0.291487 -5.11791 0.35499 -0.746651 0.562579 18.4585 
-0.543929 0.319019 0.776124 18.4566 -0.759521 -0.580388 -0.29373 -5.36232 0.356747 -0.749251 0.557991 18.9826 
-0.540163 0.318679 0.778889 19.1444 -0.763684 -0.574465 -0.294578 -5.62627 0.353569 -0.753945 0.553675 19.4929 
-0.541416 0.315492 0.779316 19.8769 -0.766062 -0.567059 -0.302644 -5.91217 0.346436 -0.76086 0.548701 20.0223 
-0.547201 0.310918 0.777111 20.6075 -0.764648 -0.563305 -0.31305 -6.18668 0.340418 -0.765518 0.545984 20.5445 
-0.55181 0.308132 0.774958 21.3639 -0.762327 -0.563174 -0.318891 -6.47141 0.338176 -0.766739 0.545663 21.0652 
-0.559374 0.303237 0.771458 22.1619 -0.754878 -0.570828 -0.322977 -6.70315 0.342432 -0.763022 0.548214 21.5904 
-0.565049 0.304204 0.766929 22.9442 -0.749028 -0.578894 -0.32224 -7.00451 0.345944 -0.756533 0.554961 22.1451 
-0.567604 0.307653 0.763659 23.7389 -0.745315 -0.586062 -0.317865 -7.35184 0.349759 -0.749587 0.56195 22.711 
-0.568848 0.308224 0.762502 24.53 -0.741056 -0.594209 -0.312653 -7.66913 0.356719 -0.742909 0.566426 23.321 
-0.568321 0.309136 0.762526 25.3347 -0.738658 -0.599958 -0.307303 -7.96667 0.362486 -0.737892 0.569315 23.9313 
-0.568746 0.311317 0.761321 26.1266 -0.738921 -0.599952 -0.306681 -8.29131 0.361281 -0.73698 0.571259 24.5324 
-0.570675 0.311196 0.759926 26.9392 -0.73904 -0.598054 -0.310082 -8.58941 0.357981 -0.738572 0.57128 25.1253 
-0.571849 0.312773 0.758394 27.8007 -0.740542 -0.594574 -0.313176 -8.90841 0.352969 -0.740712 0.571628 25.7826 
-0.573132 0.316785 0.755756 28.6734 -0.742698 -0.590538 -0.315698 -9.25556 0.346294 -0.742235 0.573732 26.4522 
-0.575732 0.319856 0.752479 29.5069 -0.743331 -0.588096 -0.318751 -9.55331 0.340576 -0.742856 0.576344 27.0963 
-0.577871 0.323192 0.749408 30.3878 -0.743686 -0.586739 -0.32042 -9.86982 0.33615 -0.742485 0.579412 27.7356 
-0.581687 0.326596 0.744966 31.2293 -0.741729 -0.588904 -0.320982 -10.199 0.333882 -0.739275 0.584804 28.3799 
-0.585694 0.329582 0.740499 32.0805 -0.738386 -0.593754 -0.319754 -10.5647 0.334289 -0.734052 0.591117 29.0643 
-0.59038 0.331631 0.735848 32.922 -0.735594 -0.596306 -0.321434 -10.9172 0.332192 -0.731054 0.595994 29.7248 
-0.592963 0.334777 0.732338 33.7669 -0.734105 -0.598473 -0.320811 -11.2799 0.330884 -0.727842 0.600634 30.4096 
-0.596833 0.334977 0.729096 34.571 -0.731334 -0.600909 -0.322582 -11.648 0.330062 -0.72574 0.603622 31.1013 
-0.600446 0.332881 0.727086 35.4149 -0.727933 -0.603915 -0.324655 -11.9624 0.331027 -0.724208 0.604933 31.8013 
-0.601016 0.335376 0.725467 36.1988 -0.727846 -0.60466 -0.323459 -12.3116 0.330181 -0.722433 0.607512 32.5148 
-0.600389 0.338134 0.724705 36.9934 -0.729288 -0.603337 -0.32268 -12.6613 0.328133 -0.722253 0.608835 33.2078 
-0.600809 0.33838 0.724242 37.802 -0.729368 -0.602859 -0.323394 -12.9961 0.327186 -0.722537 0.609007 33.8958 
-0.603042 0.336138 0.723431 38.6309 -0.727829 -0.603039 -0.326509 -13.3293 0.326505 -0.723433 0.608309 34.5568 
-0.605761 0.334386 0.721969 39.4335 -0.726335 -0.602818 -0.330223 -13.6606 0.324794 -0.724428 0.60804 35.2565 
-0.609591 0.330692 0.720446 40.2536 -0.724382 -0.601519 -0.336818 -13.9853 0.321979 -0.727198 0.606228 35.942 
-0.6095 0.33025 0.720725 41.0569 -0.72436 -0.601458 -0.336974 -14.3421 0.3222 -0.72745 0.605808 36.6423 
-0.609158 0.32801 0.722036 41.871 -0.72255 -0.604822 -0.33483 -14.7018 0.326876 -0.725672 0.605436 37.33 
-0.608714 0.326219 0.723221 42.6681 -0.721366 -0.607062 -0.333328 -15.069 0.330302 -0.724608 0.60485 38.0142 
-0.606259 0.326739 0.725046 43.4754 -0.722999 -0.60619 -0.33137 -15.4099 0.331244 -0.725104 0.60374 38.713 
-0.604952 0.325401 0.726737 44.2986 -0.723743 -0.605258 -0.331451 -15.7736 0.332009 -0.726483 0.601659 39.4101 
-0.605332 0.317691 0.729826 45.1484 -0.721116 -0.60707 -0.333853 -16.0928 0.336993 -0.728381 0.596571 40.0886 
-0.606514 0.310733 0.731838 45.9762 -0.717833 -0.609769 -0.336003 -16.453 0.341845 -0.729127 0.592888 40.7914 
-0.606798 0.304337 0.734286 46.796 -0.715791 -0.610886 -0.338322 -16.8016 0.345601 -0.730888 0.588526 41.4696 
-0.605205 0.300624 0.737125 47.6123 -0.715675 -0.610967 -0.338421 -17.1752 0.348621 -0.732355 0.584909 42.1664 
-0.603164 0.29793 0.739885 48.4295 -0.716601 -0.609751 -0.338654 -17.5721 0.35025 -0.734467 0.581277 42.8437 
-0.600114 0.29518 0.74346 49.2769 -0.71791 -0.608669 -0.337828 -17.9563 0.352801 -0.736472 0.577183 43.5031 
-0.597231 0.29106 0.747395 50.1311 -0.718232 -0.608847 -0.336822 -18.3155 0.357014 -0.737963 0.57267 44.1786 
-0.594584 0.287463 0.75089 50.9809 -0.718253 -0.60963 -0.335356 -18.701 0.361363 -0.738726 0.568948 44.8459 
-0.592474 0.284502 0.75368 51.8424 -0.718191 -0.610349 -0.334179 -19.0772 0.364933 -0.739279 0.565942 45.5226 
-0.590112 0.281268 0.75674 52.6951 -0.71878 -0.609839 -0.333844 -19.448 0.36759 -0.740935 0.562043 46.1913 
-0.588651 0.277508 0.759262 53.5483 -0.720227 -0.606556 -0.336693 -19.8203 0.3671 -0.745036 0.556919 46.8518 
-0.585625 0.275402 0.762363 54.417 -0.723381 -0.601927 -0.338236 -20.1929 0.365736 -0.749558 0.551724 47.499 
-0.584117 0.272966 0.764393 55.2969 -0.723738 -0.601485 -0.338259 -20.5768 0.367438 -0.750803 0.548893 48.156 
-0.58208 0.272309 0.766179 56.2032 -0.723683 -0.603129 -0.335436 -20.9677 0.370763 -0.749722 0.548135 48.8297 
-0.582544 0.269304 0.766888 57.1371 -0.722961 -0.60286 -0.337473 -21.3699 0.371443 -0.751023 0.545889 49.4953 
-0.583091 0.267933 0.766953 58.0596 -0.722143 -0.603421 -0.33822 -21.7482 0.372176 -0.751063 0.545335 50.1668 
-0.582691 0.268064 0.767211 58.9788 -0.722098 -0.603924 -0.337417 -22.1399 0.372888 -0.750612 0.545469 50.8327 
-0.581408 0.267443 0.7684 59.912 -0.722608 -0.603759 -0.33662 -22.5054 0.373902 -0.750966 0.544287 51.4974 
-0.581194 0.266803 0.768785 60.8444 -0.723598 -0.601672 -0.338226 -22.9193 0.372317 -0.752866 0.542746 52.1602 
-0.581394 0.265654 0.769031 61.8002 -0.723783 -0.600613 -0.33971 -23.3292 0.371645 -0.754117 0.541468 52.8362 
-0.5784 0.268836 0.770182 62.7127 -0.726731 -0.598693 -0.336791 -23.7364 0.370561 -0.754516 0.541656 53.4898 
-0.575348 0.267233 0.773021 63.6754 -0.727612 -0.598902 -0.33451 -24.0696 0.373572 -0.754919 0.539019 54.1159 
-0.575467 0.266432 0.773209 64.5984 -0.726447 -0.600797 -0.333641 -24.4615 0.375649 -0.753695 0.539287 54.7676 
-0.576263 0.262679 0.773899 65.5505 -0.723861 -0.603652 -0.33411 -24.8345 0.379402 -0.752731 0.538006 55.4023 
-0.577677 0.261599 0.773211 66.4558 -0.722567 -0.604537 -0.335308 -25.2166 0.379718 -0.752397 0.53825 56.0679 
-0.5791 0.260217 0.772613 67.3655 -0.722212 -0.603408 -0.338095 -25.5963 0.378223 -0.753781 0.537365 56.7155 
-0.578677 0.261596 0.772464 68.2779 -0.723844 -0.601118 -0.338685 -25.9905 0.375744 -0.755132 0.537207 57.3684 
-0.577401 0.262572 0.773087 69.2202 -0.724747 -0.600851 -0.337223 -26.3767 0.375965 -0.755006 0.53723 58.0473 
-0.576899 0.263397 0.773181 70.1396 -0.724773 -0.601597 -0.335835 -26.7879 0.376685 -0.754124 0.537964 58.7137 
-0.576312 0.263401 0.773618 71.0723 -0.724182 -0.603284 -0.334078 -27.1777 0.378715 -0.752774 0.53843 59.3637 
-0.577279 0.261543 0.773527 71.9976 -0.722035 -0.605904 -0.333984 -27.5426 0.381332 -0.751316 0.538619 60.0375 
-0.579047 0.260118 0.772686 72.9059 -0.720524 -0.606756 -0.335698 -27.9524 0.381511 -0.751123 0.538761 60.7033 
-0.57723 0.260543 0.773901 73.8443 -0.722661 -0.604277 -0.335575 -28.3439 0.380219 -0.752972 0.537091 61.3556 
-0.576453 0.261932 0.774011 74.7407 -0.724067 -0.602755 -0.33528 -28.7604 0.378719 -0.753709 0.537116 62.0091 
-0.574862 0.264714 0.774248 75.6378 -0.725218 -0.603031 -0.332283 -29.134 0.378936 -0.752516 0.538635 62.6713 
-0.572885 0.267634 0.774709 76.5122 -0.725875 -0.604642 -0.327892 -29.5251 0.380667 -0.750187 0.540659 63.3438 
-0.571905 0.27042 0.774466 77.3887 -0.726025 -0.606332 -0.324422 -29.9237 0.381853 -0.74782 0.543096 64.0173 
-0.572184 0.26935 0.774633 78.2758 -0.724463 -0.608704 -0.323471 -30.2575 0.384395 -0.746278 0.543425 64.6973 
-0.574046 0.267737 0.773814 79.1453 -0.722327 -0.610656 -0.324566 -30.6528 0.385636 -0.745262 0.543938 65.3547 
-0.57636 0.264931 0.773059 80.0432 -0.720847 -0.610447 -0.328229 -31.0294 0.384954 -0.746435 0.542812 65.9914 
-0.578041 0.262998 0.772464 80.9592 -0.721007 -0.607906 -0.332564 -31.3877 0.382121 -0.749188 0.541018 66.6285 
-0.578665 0.260851 0.772725 81.8664 -0.720702 -0.607048 -0.334784 -31.7429 0.381753 -0.750632 0.539273 67.2772 
-0.578568 0.260459 0.77293 82.7656 -0.721078 -0.60622 -0.335474 -32.0933 0.381189 -0.751437 0.538551 67.9362 
-0.576998 0.261136 0.773874 83.6706 -0.722006 -0.606024 -0.333829 -32.4538 0.381812 -0.751361 0.538216 68.5838 
-0.577808 0.261131 0.773271 84.5623 -0.720615 -0.608066 -0.333121 -32.8329 0.383212 -0.749711 0.53952 69.2358 
-0.576856 0.261739 0.773777 85.4659 -0.720531 -0.60929 -0.331061 -33.2075 0.384803 -0.748505 0.540063 69.884 
-0.579355 0.259901 0.772528 86.3783 -0.718848 -0.609682 -0.333983 -33.569 0.384194 -0.748825 0.540051 70.5324 
-0.582352 0.25799 0.770913 87.294 -0.716459 -0.61097 -0.336753 -33.9727 0.384126 -0.748436 0.540639 71.1797 
-0.584297 0.258568 0.769247 88.1873 -0.715637 -0.611164 -0.338145 -34.3504 0.382702 -0.748079 0.542142 71.8585 
-0.584593 0.257192 0.769482 89.1069 -0.716779 -0.608056 -0.341316 -34.7298 0.380105 -0.75108 0.539815 72.5147 
-0.586159 0.255719 0.768781 90.0299 -0.717018 -0.605533 -0.345274 -35.1 0.377229 -0.753616 0.538295 73.1655 
-0.584434 0.259138 0.76895 90.9416 -0.719221 -0.604201 -0.343021 -35.505 0.375711 -0.753518 0.539493 73.8352 
-0.582156 0.261985 0.769713 91.8553 -0.72161 -0.6027 -0.340635 -35.9316 0.374665 -0.753735 0.539917 74.4997 
-0.581908 0.263375 0.769426 92.7826 -0.721486 -0.603783 -0.338976 -36.341 0.375289 -0.752383 0.541367 75.1717 
-0.581661 0.264594 0.769195 93.719 -0.720558 -0.606386 -0.336293 -36.7476 0.377448 -0.749858 0.543366 75.8423 
-0.57967 0.267 0.769866 94.6668 -0.722429 -0.605438 -0.333978 -37.1292 0.376934 -0.749771 0.543843 76.5155 
-0.581003 0.266637 0.768987 95.6057 -0.723278 -0.602415 -0.337588 -37.5358 0.373235 -0.752331 0.542857 77.1949 
-0.58127 0.266822 0.768721 96.5628 -0.724517 -0.599748 -0.339673 -37.9134 0.370407 -0.754393 0.541932 77.8699 
-0.579511 0.268936 0.769312 97.5175 -0.726392 -0.598436 -0.337979 -38.3035 0.369489 -0.754684 0.542153 78.5576 
-0.582185 0.266845 0.76802 98.4839 -0.723455 -0.601095 -0.339556 -38.6867 0.371044 -0.753312 0.542999 79.2549 
-0.586496 0.265144 0.765324 99.4376 -0.718407 -0.606665 -0.340365 -39.1064 0.37405 -0.749437 0.546288 79.9649 
-0.589585 0.261518 0.764198 100.418 -0.71448 -0.61013 -0.342433 -39.5001 0.376707 -0.747897 0.546572 80.654 
-0.595644 0.258366 0.760562 101.352 -0.709824 -0.612502 -0.347838 -39.936 0.375977 -0.747053 0.548228 81.3808 
-0.597632 0.256628 0.759591 102.317 -0.708881 -0.611761 -0.35105 -40.3568 0.374599 -0.748258 0.547527 82.0752 
-0.599798 0.254625 0.758557 103.274 -0.707526 -0.611528 -0.354175 -40.7786 0.373697 -0.749133 0.546947 82.7809 
-0.600715 0.254678 0.757813 104.217 -0.707218 -0.611311 -0.355165 -41.2194 0.372807 -0.749292 0.547336 83.4909 
-0.598415 0.253805 0.759923 105.203 -0.70874 -0.610005 -0.354375 -41.6142 0.373614 -0.750651 0.544918 84.1703 
-0.599219 0.252036 0.759878 106.169 -0.707445 -0.611023 -0.355208 -42.0285 0.374778 -0.750419 0.544438 84.8558 
-0.599761 0.252213 0.759391 107.13 -0.705202 -0.615064 -0.352684 -42.4653 0.378123 -0.747051 0.546752 85.5651 
-0.598078 0.254935 0.759809 108.075 -0.705329 -0.617596 -0.347975 -42.9025 0.380544 -0.744031 0.549184 86.3076 
-0.597701 0.255877 0.75979 109.012 -0.706044 -0.616966 -0.347643 -43.3225 0.379811 -0.744231 0.549421 87.0471 
-0.597183 0.255665 0.760268 109.976 -0.706754 -0.615939 -0.348019 -43.7556 0.379303 -0.745154 0.548521 87.7663 
-0.594942 0.25696 0.761587 110.926 -0.708692 -0.61473 -0.346212 -44.1773 0.379208 -0.745707 0.547834 88.483 
-0.594205 0.257231 0.762071 111.868 -0.709374 -0.614171 -0.345807 -44.6006 0.37909 -0.746074 0.547417 89.2149 
-0.594043 0.25615 0.762561 112.836 -0.708401 -0.615733 -0.345022 -45.009 0.381157 -0.745157 0.547229 89.9081 
-0.593975 0.255133 0.762955 113.798 -0.706432 -0.619159 -0.342923 -45.4062 0.384899 -0.742663 0.547999 90.6284 
-0.594115 0.254936 0.762912 114.736 -0.705832 -0.620105 -0.342449 -45.8324 0.385783 -0.741941 0.548356 91.3436 
-0.595332 0.254932 0.761964 115.657 -0.706192 -0.618347 -0.344876 -46.2721 0.383238 -0.743409 0.548153 92.069 
-0.594172 0.256497 0.762344 116.598 -0.708334 -0.615907 -0.34485 -46.6675 0.38108 -0.744895 0.54764 92.7785 
-0.592474 0.25806 0.763138 117.539 -0.710976 -0.612934 -0.34471 -47.1188 0.378798 -0.746804 0.546622 93.4587 
-0.590923 0.259755 0.763765 118.499 -0.712498 -0.612073 -0.343094 -47.522 0.378359 -0.746924 0.546763 94.1555 
-0.587846 0.260518 0.765877 119.474 -0.714855 -0.610478 -0.341026 -47.9091 0.378708 -0.747961 0.5451 94.8247 
-0.587195 0.261691 0.765976 120.405 -0.716187 -0.608935 -0.340989 -48.3408 0.377196 -0.74881 0.544984 95.5265 
-0.58708 0.26259 0.765757 121.319 -0.716583 -0.608652 -0.340663 -48.7961 0.376625 -0.748725 0.545495 96.2277 
-0.586106 0.264004 0.766016 122.27 -0.716419 -0.610456 -0.337767 -49.2086 0.378448 -0.746756 0.54693 96.9144 
-0.583916 0.266329 0.766884 123.23 -0.717513 -0.611213 -0.334057 -49.5811 0.37976 -0.745311 0.547991 97.6034 
-0.583323 0.267124 0.767058 124.177 -0.718677 -0.609777 -0.334179 -49.9899 0.378467 -0.746201 0.547673 98.2886 
-0.583433 0.266523 0.767184 125.139 -0.718214 -0.610334 -0.334159 -50.3376 0.379177 -0.745961 0.547509 98.9751 
-0.584328 0.265273 0.766936 126.09 -0.715564 -0.614208 -0.33274 -50.7397 0.382791 -0.743221 0.548719 99.6588 
-0.587102 0.26081 0.766348 127.06 -0.710093 -0.620471 -0.332841 -51.0912 0.388688 -0.73959 0.54948 100.338 
-0.589567 0.256975 0.765751 128.005 -0.707679 -0.62134 -0.336344 -51.4892 0.389359 -0.740203 0.548178 101.024 
-0.591214 0.253562 0.765619 128.939 -0.707142 -0.619466 -0.340899 -51.8712 0.387836 -0.742945 0.545541 101.714 
-0.592497 0.249438 0.765982 129.881 -0.707544 -0.615728 -0.346786 -52.2611 0.385135 -0.747435 0.541306 102.377 
-0.593602 0.247267 0.76583 130.826 -0.70674 -0.615328 -0.349128 -52.6386 0.384908 -0.748486 0.540013 103.054 
-0.588257 0.252106 0.768373 131.762 -0.712275 -0.611432 -0.344696 -53.0315 0.382907 -0.750062 0.539248 103.734 
-0.585383 0.25479 0.769681 132.701 -0.716407 -0.607027 -0.343918 -53.4178 0.37959 -0.752728 0.537877 104.406 
-0.58166 0.25933 0.770986 133.61 -0.721183 -0.602823 -0.34132 -53.8549 0.376254 -0.754554 0.537662 105.068 
-0.580771 0.261604 0.770888 134.523 -0.721231 -0.604513 -0.338216 -54.2622 0.377533 -0.752414 0.539761 105.726 
-0.578963 0.262781 0.771847 135.444 -0.719958 -0.609089 -0.332673 -54.6436 0.382704 -0.748302 0.541831 106.411 
-0.579062 0.256409 0.773913 136.434 -0.717069 -0.611869 -0.333809 -54.9523 0.387941 -0.748245 0.538173 107.022 
-0.579161 0.254313 0.774531 137.364 -0.7176 -0.609852 -0.336349 -55.3354 0.386812 -0.750603 0.535697 107.679 
-0.580583 0.252455 0.774074 138.303 -0.716416 -0.610137 -0.338349 -55.7252 0.386874 -0.750999 0.535098 108.327 
-0.578581 0.252946 0.775411 139.24 -0.717196 -0.610528 -0.335983 -56.1031 0.388425 -0.750515 0.534652 108.983 
-0.577804 0.254868 0.775361 140.13 -0.71941 -0.607717 -0.336347 -56.5446 0.385476 -0.752145 0.534496 109.643 
-0.574071 0.255517 0.777916 141.054 -0.722244 -0.60561 -0.334066 -56.886 0.385754 -0.753623 0.532209 110.282 
-0.573818 0.253608 0.778727 141.951 -0.721118 -0.607195 -0.333622 -57.2357 0.38823 -0.752992 0.531301 110.91 
-0.573078 0.25345 0.779323 142.803 -0.720586 -0.608765 -0.331904 -57.5992 0.390303 -0.751777 0.531503 111.538 
-0.573448 0.253053 0.77918 143.648 -0.719903 -0.609608 -0.33184 -57.9561 0.391021 -0.751227 0.531752 112.126 
-0.573665 0.252404 0.779231 144.48 -0.71883 -0.61121 -0.331219 -58.2685 0.392673 -0.750143 0.532066 112.714 
-0.573064 0.253415 0.779345 145.284 -0.719025 -0.611754 -0.32979 -58.5927 0.393194 -0.749359 0.532785 113.291 
-0.575713 0.251914 0.777878 146.036 -0.717455 -0.611959 -0.332812 -58.9591 0.392189 -0.749697 0.53305 113.857 
-0.57473 0.25179 0.778645 146.788 -0.717751 -0.612142 -0.331836 -59.2672 0.393088 -0.749589 0.532539 114.397 
-0.576043 0.251863 0.77765 147.46 -0.716794 -0.61293 -0.33245 -59.6445 0.392914 -0.74892 0.533608 114.951 
-0.575883 0.252061 0.777704 148.188 -0.717573 -0.611657 -0.333113 -59.9252 0.391723 -0.749894 0.533115 115.468 
-0.575764 0.255673 0.776613 148.913 -0.719891 -0.60884 -0.333272 -60.2274 0.387624 -0.750963 0.534605 115.976 
-0.577814 0.259622 0.773775 149.629 -0.721335 -0.605996 -0.335327 -60.5209 0.381846 -0.751907 0.537428 116.48 
-0.580764 0.262994 0.77042 150.34 -0.721989 -0.603614 -0.338203 -60.8308 0.376091 -0.752651 0.540436 116.975 
-0.583932 0.262631 0.768146 151.069 -0.720409 -0.603818 -0.341197 -61.0995 0.374212 -0.752615 0.54179 117.478 
-0.587191 0.262724 0.765626 151.771 -0.718097 -0.605585 -0.342933 -61.3893 0.373555 -0.751161 0.544255 117.985 
-0.585727 0.264822 0.766024 152.502 -0.719392 -0.605232 -0.340836 -61.6761 0.373361 -0.750709 0.545012 118.466 
-0.58215 0.265479 0.76852 153.242 -0.720831 -0.605803 -0.336757 -61.9023 0.37617 -0.750016 0.544034 118.949 
-0.581289 0.266726 0.76874 153.948 -0.721634 -0.605499 -0.335583 -62.1948 0.375962 -0.749819 0.544448 119.44 
-0.582183 0.266857 0.768017 154.649 -0.721862 -0.604316 -0.337219 -62.4908 0.374136 -0.750726 0.544457 119.93 
-0.583983 0.26661 0.766735 155.329 -0.720499 -0.605354 -0.338272 -62.7681 0.373959 -0.749977 0.545609 120.459 
-0.586319 0.263595 0.765995 156.032 -0.718516 -0.605916 -0.341468 -63.0423 0.374119 -0.750588 0.544657 120.956 
-0.587241 0.261881 0.765876 156.73 -0.718215 -0.604924 -0.343851 -63.3394 0.373249 -0.751987 0.543323 121.456 
-0.586919 0.260611 0.766556 157.432 -0.719197 -0.602662 -0.345767 -63.6416 0.371863 -0.754242 0.541144 121.947 
-0.587687 0.260824 0.765895 158.116 -0.720246 -0.599907 -0.348362 -63.9851 0.368605 -0.756361 0.540415 122.448 
-0.587262 0.261151 0.766109 158.816 -0.720623 -0.599679 -0.347977 -64.2897 0.368545 -0.756429 0.54036 122.959 
-0.585934 0.261962 0.766849 159.523 -0.720689 -0.60114 -0.345309 -64.6106 0.370525 -0.754988 0.541021 123.47 
-0.586813 0.263362 0.765696 160.221 -0.720198 -0.601963 -0.344899 -64.9471 0.370088 -0.753844 0.542913 123.995 
-0.584668 0.264756 0.766856 160.923 -0.723289 -0.59824 -0.34491 -65.2785 0.367446 -0.756316 0.541267 124.515 
-0.583711 0.263781 0.76792 161.653 -0.724642 -0.595896 -0.346124 -65.5821 0.3663 -0.758503 0.538978 125.025 
-0.585835 0.260261 0.767504 162.402 -0.722219 -0.597325 -0.348715 -65.8719 0.367692 -0.758595 0.537899 125.538 
-0.58689 0.258327 0.767351 163.122 -0.719433 -0.601175 -0.347857 -66.2057 0.371451 -0.756212 0.538673 126.09 
-0.585587 0.255864 0.769169 163.879 -0.719699 -0.600717 -0.348097 -66.5207 0.372988 -0.757412 0.535918 126.599 
-0.581784 0.253425 0.772854 164.697 -0.720867 -0.60072 -0.345668 -66.7998 0.376668 -0.758229 0.532175 127.102 
-0.579423 0.255043 0.774095 165.46 -0.720706 -0.603853 -0.340507 -67.1298 0.380595 -0.755192 0.533697 127.652 
-0.576933 0.255637 0.775756 166.235 -0.720759 -0.606152 -0.336284 -67.4732 0.38426 -0.753146 0.533962 128.208 
-0.576951 0.255312 0.77585 167.001 -0.720695 -0.60612 -0.336477 -67.8311 0.384352 -0.753282 0.533703 128.758 
-0.578847 0.25167 0.775628 167.786 -0.718034 -0.608124 -0.338546 -68.1632 0.386476 -0.752893 0.532718 129.343 
-0.578349 0.24855 0.777004 168.601 -0.716653 -0.609861 -0.338345 -68.4959 0.389769 -0.752524 0.530837 129.907 
-0.577772 0.243452 0.779045 169.43 -0.715618 -0.610118 -0.340069 -68.8404 0.392519 -0.753981 0.526728 130.46 
-0.578823 0.239459 0.779502 170.229 -0.714879 -0.608899 -0.343787 -69.1816 0.392315 -0.756242 0.523629 131.013 
-0.577481 0.237633 0.781054 170.998 -0.716069 -0.606941 -0.344774 -69.5063 0.392124 -0.758389 0.520658 131.567 
-0.57637 0.237279 0.781982 171.798 -0.716871 -0.606181 -0.344443 -69.8579 0.392293 -0.759107 0.519483 132.108 
-0.57539 0.235663 0.783191 172.634 -0.715908 -0.608154 -0.342964 -70.1864 0.395477 -0.758031 0.518639 132.668 
-0.574271 0.231792 0.785166 173.475 -0.714261 -0.610532 -0.342174 -70.5134 0.400056 -0.757313 0.51617 133.2 
-0.573065 0.23139 0.786165 174.298 -0.715009 -0.609935 -0.341676 -70.8628 0.400449 -0.757917 0.514978 133.746 
-0.572727 0.232978 0.785942 175.076 -0.716302 -0.608449 -0.341615 -71.2369 0.398617 -0.758624 0.515358 134.346 
-0.570693 0.2348 0.786879 175.916 -0.719422 -0.604963 -0.341251 -71.6022 0.395906 -0.760848 0.514168 134.883 
-0.569512 0.236039 0.787364 176.75 -0.720876 -0.603685 -0.340445 -71.9624 0.394961 -0.761479 0.513961 135.446 
-0.570091 0.23523 0.787186 177.599 -0.720693 -0.603203 -0.341684 -72.3171 0.394458 -0.762111 0.51341 136.016 
-0.569495 0.233624 0.788096 178.5 -0.720982 -0.602448 -0.342406 -72.6747 0.394792 -0.763201 0.51153 136.551 
-0.570761 0.232356 0.787555 179.377 -0.719725 -0.603258 -0.343621 -73.0607 0.395256 -0.762948 0.511549 137.12 
-0.571819 0.232503 0.786743 180.248 -0.718055 -0.605647 -0.342911 -73.4219 0.396761 -0.761008 0.513271 137.728 
-0.572485 0.23288 0.786147 181.137 -0.71722 -0.606855 -0.342523 -73.801 0.397311 -0.75993 0.514442 138.305 
-0.572198 0.232939 0.786339 182.04 -0.716246 -0.608975 -0.340795 -74.1526 0.399476 -0.758215 0.515296 138.898 
-0.575136 0.23178 0.784536 182.928 -0.713913 -0.61047 -0.343009 -74.5442 0.399433 -0.757367 0.516574 139.506 
-0.578131 0.232138 0.782225 183.805 -0.712673 -0.610483 -0.345555 -74.9369 0.397318 -0.757247 0.518378 140.132 
-0.576988 0.234642 0.782322 184.711 -0.716026 -0.606122 -0.346299 -75.333 0.392926 -0.759974 0.517734 140.72 
-0.576021 0.237036 0.782313 185.631 -0.719629 -0.600991 -0.34777 -75.7017 0.387728 -0.763298 0.516762 141.317 
-0.573768 0.241239 0.782684 186.537 -0.723724 -0.59672 -0.346625 -76.1058 0.383423 -0.76533 0.516969 141.939 
-0.570351 0.24666 0.783492 187.455 -0.727145 -0.595269 -0.341929 -76.5143 0.382048 -0.764731 0.518869 142.558 
-0.568974 0.25044 0.783293 188.38 -0.727344 -0.5977 -0.337232 -76.9171 0.383718 -0.7616 0.522232 143.192 
-0.568338 0.252899 0.782965 189.314 -0.72787 -0.598253 -0.33511 -77.3252 0.383662 -0.760352 0.524087 143.812 
-0.56754 0.257045 0.782193 190.239 -0.729936 -0.596593 -0.333571 -77.7603 0.380908 -0.760266 0.526217 144.44 
-0.567886 0.260958 0.780645 191.176 -0.730355 -0.597128 -0.331691 -78.1569 0.379588 -0.758511 0.529693 145.093 
-0.56948 0.261149 0.779419 192.133 -0.729169 -0.598224 -0.332326 -78.551 0.379481 -0.757581 0.531098 145.72 
-0.569563 0.266004 0.777715 193.053 -0.730479 -0.597598 -0.330571 -78.9798 0.376827 -0.756385 0.53468 146.388 
-0.57059 0.267779 0.776352 193.999 -0.731005 -0.596412 -0.331548 -79.389 0.374244 -0.756695 0.536054 147.047 
-0.57187 0.269343 0.774867 194.924 -0.730839 -0.596308 -0.332101 -79.8163 0.37261 -0.756222 0.537857 147.73 
-0.572652 0.270579 0.773858 195.897 -0.730562 -0.596721 -0.331969 -80.2107 0.371954 -0.755454 0.539388 148.39 
-0.572208 0.269781 0.774465 196.909 -0.730609 -0.596668 -0.331959 -80.5374 0.372543 -0.755781 0.538523 149.037 
-0.574561 0.270287 0.772544 197.874 -0.72904 -0.598018 -0.33298 -80.936 0.371995 -0.754533 0.540647 149.722 
-0.578702 0.270072 0.769522 198.826 -0.72567 -0.601118 -0.334755 -81.2971 0.372166 -0.752143 0.543851 150.431 
-0.580882 0.269609 0.768041 199.775 -0.723916 -0.602536 -0.335999 -81.6861 0.372184 -0.751174 0.545177 151.126 
-0.582992 0.268932 0.766679 200.746 -0.722144 -0.603946 -0.337278 -82.0538 0.372328 -0.750283 0.546303 151.837 
-0.583571 0.267405 0.766772 201.728 -0.721489 -0.60408 -0.338439 -82.439 0.372691 -0.750721 0.545453 152.525 
-0.58283 0.268389 0.766992 202.675 -0.722581 -0.60297 -0.338088 -82.845 0.371734 -0.751262 0.545362 153.236 
-0.580838 0.267402 0.768845 203.637 -0.723965 -0.601509 -0.33773 -83.2349 0.372158 -0.752783 0.542969 153.93 
-0.58064 0.267178 0.769073 204.606 -0.724215 -0.60108 -0.337957 -83.6437 0.37198 -0.753205 0.542506 154.622 
-0.579931 0.267639 0.769448 205.577 -0.724555 -0.601226 -0.336969 -84.0451 0.372426 -0.752925 0.542589 155.326 
-0.580019 0.268173 0.769195 206.506 -0.724668 -0.601152 -0.336856 -84.4948 0.372068 -0.752794 0.543016 156.045 
-0.580751 0.266803 0.769119 207.474 -0.723904 -0.601446 -0.337972 -84.9135 0.372412 -0.753046 0.542431 156.726 
-0.578554 0.267372 0.770576 208.456 -0.724978 -0.601468 -0.335623 -85.2863 0.373741 -0.752827 0.54182 157.404 
-0.575759 0.270526 0.771568 209.397 -0.726646 -0.601908 -0.331198 -85.7332 0.374816 -0.751347 0.543131 158.116 
-0.57431 0.272063 0.772107 210.366 -0.726623 -0.603844 -0.327705 -86.1251 0.377076 -0.749235 0.544482 158.813 
-0.572982 0.27343 0.772611 211.321 -0.726674 -0.605432 -0.32465 -86.5176 0.378994 -0.747455 0.545596 159.527 
-0.57454 0.2706 0.77245 212.288 -0.72581 -0.604644 -0.328034 -86.8912 0.378291 -0.74912 0.543796 160.211 
-0.577002 0.268133 0.771475 213.238 -0.724482 -0.604136 -0.331882 -87.3032 0.377087 -0.750416 0.542845 160.894 
-0.581267 0.264819 0.769415 214.207 -0.720085 -0.607761 -0.33482 -87.7037 0.378954 -0.748664 0.543964 161.573 
-0.585337 0.261642 0.767414 215.147 -0.714492 -0.613854 -0.335684 -88.1269 0.383251 -0.744799 0.546253 162.286 
-0.587899 0.257644 0.766808 216.116 -0.712054 -0.614642 -0.339402 -88.499 0.383868 -0.745543 0.544804 162.966 
-0.586514 0.25762 0.767876 217.093 -0.715517 -0.609051 -0.342187 -88.8582 0.379521 -0.750126 0.541549 163.623 
-0.584604 0.260882 0.768231 218.019 -0.719627 -0.604011 -0.342503 -89.278 0.374667 -0.753068 0.540845 164.305 
-0.580091 0.265174 0.77018 218.958 -0.723669 -0.601791 -0.337862 -89.6839 0.373895 -0.753346 0.540992 164.988 
-0.577256 0.266072 0.771998 219.925 -0.72496 -0.602071 -0.334578 -90.0692 0.375776 -0.752805 0.540441 165.662 
-0.575472 0.266543 0.773167 220.866 -0.725387 -0.60296 -0.332044 -90.4912 0.377685 -0.751927 0.540333 166.343 
-0.576188 0.264784 0.773238 221.819 -0.723654 -0.605033 -0.332055 -90.8987 0.379912 -0.750882 0.540225 167.026 
-0.576749 0.26286 0.773476 222.779 -0.722332 -0.606336 -0.332555 -91.2905 0.381571 -0.750508 0.539576 167.698 
-0.57715 0.260699 0.773908 223.748 -0.721272 -0.60715 -0.333371 -91.6742 0.382969 -0.750603 0.538452 168.361 
-0.575497 0.26117 0.77498 224.704 -0.722678 -0.605989 -0.332438 -92.0598 0.382806 -0.751377 0.537487 169.021 
-0.576185 0.259485 0.775034 225.66 -0.722628 -0.604778 -0.334742 -92.4406 0.381863 -0.752935 0.535975 169.68 
-0.577634 0.260073 0.773758 226.564 -0.722618 -0.603811 -0.336505 -92.8993 0.379688 -0.753508 0.536715 170.363 
-0.578964 0.259745 0.772873 227.474 -0.721655 -0.604429 -0.337461 -93.3468 0.379493 -0.753125 0.537389 171.048 
-0.579322 0.259364 0.772733 228.408 -0.72149 -0.604279 -0.338081 -93.7655 0.379261 -0.753377 0.5372 171.726 
-0.579084 0.259492 0.772869 229.347 -0.72142 -0.604681 -0.337513 -94.1535 0.379757 -0.753011 0.537363 172.408 
-0.577481 0.259865 0.773942 230.316 -0.722522 -0.604042 -0.336296 -94.5212 0.380101 -0.753395 0.536581 173.062 
-0.577384 0.259357 0.774184 231.274 -0.723087 -0.602782 -0.33734 -94.8994 0.379173 -0.754578 0.535575 173.724 
-0.577395 0.259456 0.774143 232.234 -0.723949 -0.601096 -0.338499 -95.3012 0.377508 -0.755888 0.534903 174.424 
-0.578416 0.259362 0.773412 233.143 -0.724418 -0.599211 -0.34083 -95.6984 0.375039 -0.757415 0.534479 175.085 
-0.578649 0.259158 0.773306 234.119 -0.724637 -0.59847 -0.341666 -96.0544 0.374255 -0.75807 0.5341 175.747 
-0.581186 0.25736 0.772003 235.076 -0.722656 -0.599402 -0.344217 -96.458 0.374152 -0.757947 0.534347 176.413 
-0.584113 0.256994 0.769913 236.001 -0.720226 -0.601506 -0.345637 -96.8821 0.374281 -0.756403 0.536441 177.115 
-0.585854 0.255352 0.769136 236.969 -0.71826 -0.603153 -0.346856 -97.2488 0.375337 -0.755647 0.536769 177.784 
-0.58724 0.256532 0.767685 237.892 -0.717769 -0.603414 -0.347418 -97.7143 0.374108 -0.755038 0.53848 178.477 
-0.587537 0.254971 0.767978 238.879 -0.718114 -0.601735 -0.349611 -98.1103 0.372978 -0.756905 0.53664 179.127 
-0.584689 0.249656 0.771888 239.946 -0.719341 -0.599457 -0.350999 -98.38 0.375084 -0.760476 0.530084 179.717 
-0.582416 0.250214 0.773424 240.939 -0.72094 -0.598555 -0.349253 -98.768 0.375549 -0.761003 0.528997 180.371 
-0.581122 0.254082 0.773137 241.896 -0.721651 -0.60003 -0.345231 -99.1811 0.376188 -0.758556 0.532048 181.063 
-0.580561 0.25573 0.773014 242.862 -0.722121 -0.60032 -0.34374 -99.5989 0.376151 -0.757772 0.53319 181.736 
-0.582869 0.257688 0.770623 243.782 -0.722324 -0.598693 -0.346141 -100.1 0.37217 -0.758395 0.535095 182.4 
-0.582201 0.254987 0.772026 244.779 -0.722515 -0.597704 -0.347452 -100.463 0.372847 -0.760087 0.532215 183.051 
-0.58054 0.252555 0.774073 245.78 -0.722887 -0.597371 -0.347249 -100.825 0.37471 -0.76116 0.529367 183.693 
-0.578394 0.252579 0.77567 246.765 -0.724338 -0.596385 -0.345919 -101.242 0.375226 -0.761924 0.527898 184.36 
-0.576779 0.253261 0.77665 247.731 -0.7251 -0.596599 -0.343948 -101.655 0.37624 -0.76153 0.527745 185.044 
-0.575595 0.253256 0.777529 248.704 -0.725384 -0.597079 -0.342513 -102.072 0.377503 -0.761155 0.527384 185.723 
-0.573651 0.253361 0.77893 249.693 -0.726265 -0.597069 -0.340658 -102.46 0.378765 -0.761129 0.526517 186.387 
-0.573368 0.253355 0.779141 250.696 -0.726141 -0.597563 -0.340055 -102.872 0.379431 -0.760743 0.526595 187.104 
-0.57472 0.251636 0.778702 251.63 -0.725282 -0.597346 -0.342262 -103.291 0.379029 -0.761484 0.525813 187.758 
-0.575252 0.249466 0.779007 252.608 -0.723974 -0.598544 -0.342938 -103.689 0.380719 -0.761257 0.52492 188.433 
-0.57627 0.246603 0.779166 253.593 -0.721951 -0.60042 -0.343923 -104.114 0.383014 -0.760712 0.524039 189.102 
-0.576262 0.244782 0.779746 254.571 -0.721192 -0.601126 -0.34428 -104.546 0.384452 -0.760742 0.522941 189.773 
-0.578611 0.240071 0.779471 255.559 -0.718136 -0.603011 -0.347359 -104.958 0.386639 -0.760752 0.521312 190.452 
