1 0 0 0 0 1 0 0 0 0 1 0 
0.999999 -0.00133601 -0.000684975 0.0182885 0.00133683 0.999998 0.00119738 -0.01971 0.000683374 -0.0011983 0.999999 1.31049 
0.999997 -0.0018139 -0.00139326 0.0428026 0.00181533 0.999998 0.00103118 -0.0297081 0.00139138 -0.00103371 0.999998 2.6251 
0.999995 -0.00290518 -0.000866171 0.019866 0.00290501 0.999996 -0.000195432 -0.0423576 0.000866735 0.000192915 1 3.94144 
0.999995 -0.00300901 -0.000380855 -0.000188614 0.00300891 0.999995 -0.000264096 -0.0554666 0.000381647 0.000262949 1 5.26069 
0.999996 -0.00254567 -0.00121549 0.00712907 0.00254629 0.999997 0.000509359 -0.0841401 0.00121419 -0.000512452 0.999999 6.58108 
0.99999 -0.00447749 -0.000606792 -0.00988496 0.00447838 0.999989 0.00148084 -0.0877482 0.000600155 -0.00148354 0.999999 7.9082 
0.99999 -0.00434743 -0.00116757 0.000305813 0.00434968 0.999989 0.00192444 -0.0962454 0.00115919 -0.0019295 0.999997 9.23842 
0.999997 -0.00247172 -0.000572759 -0.0278229 0.00247171 0.999997 -2.65874e-05 -0.122095 0.000572823 2.51717e-05 1 10.5686 
1 0.000568339 -0.000673604 -0.0458806 -0.000569999 0.999997 -0.00246624 -0.144402 0.000672201 0.00246662 0.999997 11.903 
0.999982 0.00604947 0.000441364 -0.0921742 -0.00604739 0.999971 -0.00458046 -0.133734 -0.000469061 0.00457771 0.999989 13.2401 
0.999951 0.0095831 -0.00253657 -0.0136334 -0.00959968 0.999932 -0.00660739 -0.125642 0.00247308 0.00663141 0.999975 14.5763 
0.999943 0.0104862 -0.0021507 -0.0399823 -0.0104988 0.999927 -0.00595862 -0.150068 0.00208806 0.00598086 0.99998 15.9262 
0.999963 0.00842902 -0.00189727 0.00144149 -0.00843509 0.999959 -0.00321617 -0.182076 0.00187009 0.00323205 0.999993 17.2769 
0.999988 0.00414095 -0.00253208 0.00517853 -0.00414553 0.99999 -0.00180505 -0.201839 0.00252458 0.00181552 0.999995 18.6293 
0.999995 0.00175318 -0.00271682 -0.00526863 -0.00176469 0.999989 -0.00424016 -0.224738 0.00270936 0.00424493 0.999987 19.9812 
0.999993 -0.000890181 -0.00358409 0.0216517 0.000870007 0.999984 -0.0056263 -0.256506 0.00358904 0.00562314 0.999978 21.3353 
0.999992 0.00186305 -0.0035336 0.0282142 -0.00189027 0.999968 -0.00771391 -0.276098 0.00351911 0.00772053 0.999964 22.7 
0.999988 0.00463262 -0.00145153 -0.000181289 -0.00464091 0.999973 -0.00576669 -0.306964 0.00142477 0.00577336 0.999982 24.0659 
0.999988 0.00480973 -0.00131709 0.00285965 -0.00481231 0.999986 -0.00196125 -0.345476 0.00130764 0.00196756 0.999997 25.4421 
0.999988 0.00454803 -0.00153169 0.0464104 -0.00454912 0.999989 -0.00071453 -0.363892 0.00152843 0.000721489 0.999999 26.813 
0.999998 0.00024021 -0.0018775 0.0334701 -0.000245024 0.999997 -0.00256416 -0.375241 0.00187687 0.00256462 0.999995 28.1876 
0.999987 0.000202478 -0.00507937 0.0969126 -0.000228354 0.999987 -0.00509438 -0.412476 0.00507827 0.00509547 0.999974 29.5612 
0.99999 -0.000727959 -0.00440322 0.0831813 0.000696289 0.999974 -0.00718972 -0.443294 0.00440834 0.00718659 0.999964 30.9408 
0.999988 0.00132648 -0.00478531 0.0904645 -0.00136547 0.999966 -0.00815343 -0.467416 0.00477433 0.00815986 0.999955 32.3262 
0.99998 0.00521374 -0.00344119 0.0485568 -0.00525244 0.999922 -0.0113361 -0.491186 0.00338181 0.0113539 0.99993 33.7082 
0.999977 0.00558205 -0.00377174 0.0592274 -0.00562313 0.999924 -0.0109699 -0.520851 0.00371022 0.0109909 0.999933 35.1012 
0.999987 0.00323493 -0.00406339 0.0325457 -0.00327453 0.999947 -0.00977761 -0.552906 0.00403155 0.00979078 0.999944 36.498 
0.999984 0.00402625 -0.00395949 -0.0139634 -0.00405884 0.999958 -0.00825796 -0.586787 0.00392607 0.0082739 0.999958 37.895 
0.999978 0.00536809 -0.00382256 -0.0368878 -0.00539854 0.999953 -0.00799984 -0.602513 0.00377944 0.0080203 0.999961 39.2906 
0.999953 0.0090843 -0.00333663 -0.032798 -0.00911264 0.999922 -0.00857918 -0.643396 0.00325843 0.00860918 0.999958 40.693 
0.999935 0.0105742 -0.00417504 -0.0395445 -0.0106089 0.999909 -0.00837199 -0.672955 0.00408613 0.00841574 0.999956 42.0995 
0.99993 0.011055 -0.00429557 -0.0837612 -0.0110888 0.999907 -0.0079251 -0.729421 0.00420756 0.00797218 0.999959 43.5055 
0.999919 0.0121729 -0.00362115 -0.0892917 -0.0122047 0.999886 -0.00889078 -0.745973 0.00351251 0.00893426 0.999954 44.9152 
0.999921 0.0118519 -0.0042705 -0.0956461 -0.0118967 0.999873 -0.0106415 -0.754954 0.00414383 0.0106915 0.999934 46.3284 
0.999931 0.0106047 -0.00499615 -0.105505 -0.0106557 0.99989 -0.0102949 -0.782376 0.00488643 0.0103475 0.999935 47.744 
0.999905 0.0117653 -0.00721674 -0.108901 -0.0118363 0.999881 -0.00987365 -0.799092 0.00709971 0.00995813 0.999925 49.1667 
0.999878 0.0137129 -0.00753073 -0.132218 -0.0137936 0.999847 -0.0107722 -0.822274 0.00738186 0.0108748 0.999914 50.589 
0.999887 0.0123038 -0.00862279 -0.157166 -0.0123887 0.999875 -0.00985208 -0.868901 0.00850049 0.00995779 0.999914 52.0143 
0.999888 0.0114861 -0.00957248 -0.190066 -0.0115732 0.999892 -0.00909314 -0.901231 0.009467 0.00920291 0.999913 53.4426 
0.999899 0.00730376 -0.0122126 -0.181036 -0.00739461 0.999945 -0.00741052 -0.945485 0.0121578 0.00750008 0.999898 54.8695 
0.999906 0.00490954 -0.0128305 -0.196968 -0.00500214 0.999962 -0.00719553 -0.975112 0.0127946 0.00725904 0.999892 56.3012 
0.999899 0.0036883 -0.0137549 -0.200228 -0.00380095 0.999959 -0.0081733 -1.0076 0.0137242 0.00822475 0.999872 57.7299 
0.999901 0.00184626 -0.0139187 -0.223546 -0.00195115 0.99997 -0.00752625 -1.05164 0.0139044 0.00755266 0.999875 59.1573 
0.99991 0.000782063 -0.0133825 -0.254123 -0.000872449 0.999977 -0.00674949 -1.08626 0.013377 0.00676056 0.999888 60.5862 
0.999899 -0.00416873 -0.0136004 -0.318033 0.00409631 0.999977 -0.00534858 -1.08992 0.0136224 0.00529232 0.999893 62.0097 
0.999919 -0.00400172 -0.012094 -0.339088 0.00392081 0.99997 -0.00670652 -1.10966 0.0121204 0.00665856 0.999904 63.4336 
0.999892 -0.00773861 -0.0124947 -0.346787 0.00765512 0.999948 -0.00671587 -1.14121 0.0125461 0.0066195 0.999899 64.8533 
0.99991 -0.00686926 -0.0115563 -0.390245 0.00678776 0.999952 -0.00707626 -1.17848 0.0116044 0.00699718 0.999908 66.2698 
0.999926 -0.00586391 -0.0106907 -0.401106 0.00578473 0.999956 -0.00742226 -1.21166 0.0107337 0.00735987 0.999915 67.6833 
0.999928 -0.00506971 -0.0108498 -0.425831 0.00500909 0.999972 -0.00560719 -1.24725 0.0108779 0.00555244 0.999925 69.0957 
0.999966 -0.000933999 -0.00820683 -0.475458 0.000890555 0.999986 -0.0052958 -1.27131 0.00821166 0.00528831 0.999952 70.5089 
0.999948 0.00610415 -0.00814144 -0.450911 -0.00614821 0.999967 -0.00539804 -1.35281 0.00810822 0.00544781 0.999952 71.9163 
0.999921 0.0100298 -0.00758108 -0.468168 -0.0100764 0.99993 -0.00612938 -1.3587 0.00751908 0.00620528 0.999952 73.3163 
0.999867 0.0136933 -0.00884437 -0.438968 -0.0137609 0.999876 -0.00762215 -1.3797 0.0087389 0.00774285 0.999932 74.7186 
0.999875 0.0136886 -0.00790967 -0.496813 -0.0137493 0.999876 -0.00768002 -1.39205 0.00780356 0.00778781 0.999939 76.1196 
0.999899 0.0125734 -0.00662563 -0.595591 -0.0126226 0.999893 -0.00742511 -1.4014 0.00653156 0.00750799 0.99995 77.5125 
0.999911 0.0119107 -0.00605071 -0.627478 -0.0119607 0.999894 -0.00829447 -1.42092 0.00595127 0.0083661 0.999947 78.9063 
0.999937 0.0104984 -0.00399181 -0.70313 -0.0105332 0.999906 -0.00879799 -1.47141 0.00389907 0.00883948 0.999953 80.294 
0.999923 0.0114748 -0.00479273 -0.657317 -0.0115206 0.999887 -0.00962906 -1.51527 0.0046817 0.00968353 0.999942 81.6782 
0.999915 0.0119038 -0.00532883 -0.664792 -0.011958 0.999876 -0.0102472 -1.53956 0.00520619 0.01031 0.999933 83.0644 
0.999905 0.0127248 -0.00531755 -0.692882 -0.0127823 0.999859 -0.010924 -1.5697 0.00517779 0.0109909 0.999926 84.4504 
0.999878 0.0141661 -0.00662718 -0.665782 -0.0142379 0.999839 -0.0109193 -1.6091 0.00647143 0.0110123 0.999918 85.8317 
0.99988 0.0138369 -0.0070204 -0.692756 -0.0139092 0.99985 -0.0103475 -1.63859 0.00687617 0.0104439 0.999922 87.2159 
0.999887 0.0121394 -0.00885884 -0.657242 -0.0122266 0.999877 -0.00985761 -1.67335 0.00873808 0.00996481 0.999912 88.5941 
0.999884 0.0104453 -0.011082 -0.635475 -0.0105527 0.999897 -0.00968278 -1.71211 0.0109797 0.0097986 0.999892 89.9709 
0.999887 0.00889509 -0.0121434 -0.63525 -0.00901401 0.999912 -0.00977377 -1.75311 0.0120553 0.00988212 0.999878 91.3393 
0.999895 0.00682032 -0.0127669 -0.653342 -0.00693532 0.999936 -0.0089851 -1.81847 0.0127048 0.0090727 0.999878 92.7039 
0.999905 0.0052818 -0.0127248 -0.6833 -0.00539441 0.999946 -0.00883202 -1.86332 0.0126775 0.00889982 0.99988 94.0652 
0.999898 0.00652856 -0.0127019 -0.708075 -0.00664921 0.999933 -0.00947992 -1.89796 0.0126391 0.00956341 0.999874 95.4222 
0.999921 0.00566448 -0.0112515 -0.768284 -0.0057967 0.999914 -0.0117542 -1.88669 0.0111839 0.0118185 0.999868 96.7742 
0.999922 0.00637721 -0.0107139 -0.810275 -0.0065135 0.999898 -0.0127338 -1.91307 0.0106316 0.0128026 0.999862 98.1253 
0.999911 0.00882307 -0.0100513 -0.835995 -0.00894758 0.999883 -0.0124099 -1.94727 0.00994063 0.0124987 0.999872 99.4746 
0.999909 0.00968221 -0.00944524 -0.863926 -0.00978239 0.999896 -0.0106182 -2.01413 0.00934145 0.0107096 0.999899 100.818 
0.999892 0.0106145 -0.0101374 -0.854681 -0.0107014 0.999906 -0.00855565 -2.07712 0.0100456 0.00866321 0.999912 102.162 
0.999908 0.0100169 -0.00909537 -0.891865 -0.0101058 0.999901 -0.00977511 -2.12285 0.00899655 0.00986613 0.999911 103.501 
0.999911 0.00981538 -0.00902061 -0.923633 -0.00992613 0.999875 -0.0123159 -2.1507 0.00889859 0.0124043 0.999883 104.84 
0.999917 0.00939602 -0.00877882 -0.955793 -0.00951469 0.999863 -0.0135751 -2.18952 0.00865007 0.0136575 0.999869 106.175 
0.999879 0.00814714 -0.0132797 -0.851184 -0.00830247 0.999897 -0.0116846 -2.25483 0.0131831 0.0117934 0.999844 107.514 
0.9999 0.00582877 -0.0128755 -0.870459 -0.00596118 0.999929 -0.0102697 -2.28204 0.0128147 0.0103454 0.999864 108.855 
0.999919 0.00395332 -0.0120682 -0.887753 -0.00407206 0.999943 -0.0098302 -2.31594 0.0120286 0.00987855 0.999879 110.193 
0.999926 0.00412854 -0.0114565 -0.901987 -0.00426246 0.999923 -0.01169 -2.35613 0.0114074 0.011738 0.999866 111.525 
0.999921 0.00641007 -0.0108104 -0.92096 -0.00656205 0.999879 -0.0140829 -2.40015 0.0107188 0.0141528 0.999842 112.853 
0.999901 0.00868007 -0.0110526 -0.90697 -0.00886677 0.999817 -0.0169568 -2.41752 0.0109033 0.0170531 0.999795 114.177 
0.999877 0.010491 -0.011663 -0.937417 -0.0106772 0.999815 -0.0160179 -2.47507 0.0114928 0.0161405 0.999804 115.507 
0.999888 0.0109134 -0.0102281 -0.955187 -0.0110542 0.999844 -0.0138056 -2.52158 0.0100759 0.0139171 0.999852 116.839 
0.999896 0.0112087 -0.00903857 -0.970369 -0.011313 0.999869 -0.0115742 -2.56092 0.00890765 0.0116753 0.999892 118.173 
0.999915 0.0101776 -0.00817408 -0.997229 -0.0102646 0.99989 -0.0106701 -2.60177 0.00806459 0.010753 0.99991 119.506 
0.999919 0.0110163 -0.00636378 -1.04119 -0.0110944 0.999862 -0.0123778 -2.61254 0.00622654 0.0124474 0.999903 120.848 
0.999911 0.0121031 -0.00569137 -1.04932 -0.012178 0.999837 -0.0133179 -2.62258 0.00552926 0.013386 0.999895 122.213 
0.999905 0.0120532 -0.00662837 -1.01659 -0.0121474 0.999823 -0.0143589 -2.64549 0.00645412 0.0144381 0.999875 123.568 
0.999917 0.0114102 -0.00599238 -1.00603 -0.0115029 0.999811 -0.0156631 -2.6803 0.00581253 0.0157307 0.999859 124.927 
0.999899 0.0132199 -0.00518919 -1.01168 -0.0133041 0.999774 -0.0165519 -2.73072 0.0049692 0.0166193 0.99985 126.28 
0.99994 0.0100019 -0.00439733 -1.02665 -0.010072 0.999818 -0.0162135 -2.79212 0.00423436 0.0162568 0.999859 127.635 
0.999946 0.0100047 -0.00272753 -1.05454 -0.0100452 0.999833 -0.0152689 -2.83622 0.00257432 0.0152954 0.99988 128.991 
0.999967 0.00810906 4.73942e-05 -1.12585 -0.00810763 0.999871 -0.0138563 -2.89161 -0.000159749 0.0138554 0.999904 130.346 
0.999977 0.00668219 0.000778507 -1.19351 -0.00667121 0.999889 -0.013348 -2.91952 -0.000867614 0.0133425 0.999911 131.693 
0.999992 0.00381274 0.000960517 -1.20725 -0.00379983 0.999907 -0.0130983 -2.9645 -0.00101037 0.0130945 0.999914 133.047 
0.999997 0.00227756 0.000738938 -1.23464 -0.00226856 0.999926 -0.0119689 -3.01202 -0.000766143 0.0119672 0.999928 134.398 
0.999999 0.00111211 0.000739583 -1.20601 -0.00110301 0.999925 -0.0121906 -3.07128 -0.000753085 0.0121897 0.999925 135.75 
1 -0.000719681 -0.00052319 -1.20659 0.000713184 0.999924 -0.0123126 -3.10392 0.000532012 0.0123122 0.999924 137.096 
0.999997 -0.00112846 -0.0022054 -1.16703 0.00110284 0.999932 -0.01158 -3.15 0.00221832 0.0115775 0.999931 138.446 
0.999994 -0.00207036 -0.00280905 -1.15144 0.00203776 0.999931 -0.0115592 -3.19546 0.00283279 0.0115534 0.999929 139.796 
0.999989 -0.00334529 -0.00324494 -1.22173 0.0033059 0.999922 -0.0120692 -3.20181 0.00328506 0.0120583 0.999922 141.145 
0.999981 -0.00412883 -0.00464792 -1.22064 0.00407005 0.999913 -0.0125861 -3.24428 0.00469948 0.0125669 0.99991 142.494 
0.999981 -0.00356603 -0.00506455 -1.24815 0.00349815 0.999905 -0.0133505 -3.27819 0.00511168 0.0133325 0.999898 143.841 
0.999959 -0.00571185 -0.00701064 -1.25252 0.00560047 0.999859 -0.0158056 -3.32416 0.00709994 0.0157657 0.999851 145.188 
0.999869 -0.0143713 -0.00745769 -1.36227 0.0142448 0.999758 -0.0167492 -3.3088 0.0076966 0.0166407 0.999832 146.527 
0.999748 -0.0210264 -0.00784524 -1.35039 0.0209115 0.999677 -0.0144411 -3.34848 0.00814635 0.0142734 0.999865 147.88 
0.999544 -0.0286888 -0.00946379 -1.38409 0.0285672 0.999511 -0.0127465 -3.39198 0.00982484 0.0124703 0.999874 149.228 
0.999394 -0.032593 -0.0122209 -1.31666 0.0324021 0.999355 -0.0155061 -3.45889 0.0127184 0.0151008 0.999805 150.57 
0.999415 -0.0319173 -0.0123057 -1.32014 0.0316877 0.999328 -0.0184262 -3.52021 0.0128856 0.0180255 0.999754 151.913 
0.9995 -0.0289622 -0.0126703 -1.29682 0.0287085 0.999392 -0.0197714 -3.60435 0.0132352 0.0193978 0.999724 153.256 
0.999519 -0.0289278 -0.0112124 -1.34157 0.0287103 0.999405 -0.0190997 -3.6826 0.0117582 0.0187686 0.999755 154.601 
0.999413 -0.0324757 -0.0108658 -1.32167 0.0323006 0.999351 -0.0159265 -3.73519 0.011376 0.0155662 0.999814 155.948 
0.999128 -0.0404307 -0.0103801 -1.35195 0.0402998 0.999109 -0.0125305 -3.78719 0.0108775 0.0121013 0.999868 157.297 
0.998945 -0.0447511 -0.0102891 -1.37208 0.0446363 0.998941 -0.0111248 -3.83924 0.0107761 0.0106538 0.999885 158.645 
0.998906 -0.0456765 -0.00998222 -1.41615 0.0455615 0.998896 -0.0114538 -3.87185 0.0104944 0.0109864 0.999885 159.991 
0.998991 -0.0443552 -0.00710167 -1.47314 0.0442826 0.998968 -0.0100764 -3.92918 0.00754129 0.00975175 0.999924 161.339 
0.999186 -0.0397093 -0.00710466 -1.45732 0.0396247 0.999146 -0.0116851 -3.95482 0.0075626 0.0113941 0.999906 162.689 
0.999289 -0.037048 -0.00702045 -1.46729 0.0369548 0.999233 -0.0129669 -4.00955 0.00749546 0.0126982 0.999891 164.039 
0.999429 -0.0331521 -0.00656925 -1.46298 0.0330587 0.999357 -0.0138534 -4.05952 0.0070243 0.0136283 0.999882 165.389 
0.999462 -0.0324363 -0.00492321 -1.5398 0.0323702 0.999392 -0.0129577 -4.07318 0.00534052 0.0127913 0.999904 166.746 
0.999573 -0.0287307 -0.00525201 -1.54952 0.0286555 0.999493 -0.0138743 -4.1088 0.00564797 0.0137179 0.99989 168.106 
0.99961 -0.0271347 -0.0065364 -1.52689 0.0270256 0.999503 -0.0162373 -4.17958 0.00697374 0.0160543 0.999847 169.465 
0.999694 -0.0235648 -0.00749372 -1.54189 0.0234194 0.999547 -0.0189241 -4.23377 0.00793627 0.0187428 0.999793 170.824 
0.99982 -0.0173076 -0.00783526 -1.54172 0.0171441 0.999643 -0.0204766 -4.29643 0.00818687 0.0203386 0.99976 172.187 
0.999899 -0.0121347 -0.00738371 -1.54946 0.0119889 0.999738 -0.0194767 -4.35241 0.00761813 0.0193862 0.999783 173.555 
0.999931 -0.00968469 -0.00667989 -1.59765 0.00956756 0.999804 -0.017349 -4.39896 0.0068466 0.0172839 0.999827 174.93 
0.999934 -0.00921856 -0.00688941 -1.59446 0.00911291 0.999843 -0.0152129 -4.43676 0.00702857 0.0151491 0.999861 176.309 
0.999877 -0.0133986 -0.00817389 -1.57475 0.0132809 0.99981 -0.0142858 -4.47848 0.00836374 0.0141755 0.999865 177.685 
0.999822 -0.0167373 -0.00873339 -1.64833 0.0166125 0.999762 -0.0141759 -4.47169 0.00896857 0.0140283 0.999861 179.059 
0.999793 -0.0163056 -0.0121567 -1.62179 0.0160697 0.999685 -0.0192564 -4.49942 0.0124669 0.019057 0.999741 180.44 
0.999815 -0.0131196 -0.0140885 -1.65236 0.0127796 0.999631 -0.0239575 -4.53734 0.0143977 0.023773 0.999614 181.818 
0.999866 -0.00664039 -0.0149524 -1.6645 0.00627164 0.999678 -0.0245749 -4.61962 0.0151108 0.0244778 0.999586 183.205 
0.999879 -0.00405975 -0.0150469 -1.69034 0.00370525 0.999717 -0.0235127 -4.65041 0.0151381 0.0234541 0.99961 184.598 
0.999874 -0.00461453 -0.0152059 -1.71947 0.0042968 0.999773 -0.0208616 -4.64552 0.0152987 0.0207937 0.999667 185.994 
0.999872 -0.00450483 -0.0153675 -1.72096 0.00422002 0.99982 -0.0185155 -4.71581 0.0154481 0.0184483 0.99971 187.392 
0.999862 -0.00568028 -0.0156153 -1.75007 0.00540498 0.99983 -0.0176158 -4.75433 0.0157127 0.017529 0.999723 188.793 
0.999858 -0.00687116 -0.0154079 -1.77102 0.00660568 0.99983 -0.0172157 -4.79558 0.0155236 0.0171115 0.999733 190.197 
0.999843 -0.00895428 -0.0153023 -1.78995 0.00869609 0.99982 -0.0168568 -4.84628 0.0154505 0.0167211 0.999741 191.604 
0.999815 -0.0114442 -0.0154434 -1.81409 0.011184 0.999796 -0.0168353 -4.8975 0.0156329 0.0166595 0.999739 193.012 
0.999752 -0.01631 -0.0151643 -1.84535 0.0160661 0.999742 -0.0160706 -4.92088 0.0154224 0.015823 0.999756 194.43 
0.999698 -0.0195432 -0.0148668 -1.89579 0.0193229 0.999703 -0.0148212 -4.97414 0.015152 0.0145294 0.99978 195.848 
0.999663 -0.0217099 -0.0142268 -1.9366 0.0214969 0.999657 -0.01496 -5.02443 0.0145467 0.0146492 0.999787 197.269 
0.999672 -0.0213049 -0.0142287 -1.95103 0.0210403 0.999608 -0.0184909 -5.06831 0.014617 0.0181854 0.999728 198.688 
0.9998 -0.0140747 -0.0142304 -1.97268 0.0137373 0.999629 -0.0235387 -5.12221 0.0145564 0.0233385 0.999622 200.111 
0.999893 -0.00386537 -0.014083 -1.94194 0.0035421 0.999731 -0.0229074 -5.22203 0.0141678 0.022855 0.999638 201.541 
0.999902 0.00290731 -0.0136731 -1.98788 -0.00316334 0.999819 -0.0187414 -5.2834 0.0136162 0.0187829 0.999731 202.978 
0.999906 0.00265614 -0.0134789 -1.99787 -0.00288348 0.999853 -0.0168755 -5.30688 0.0134321 0.0169128 0.999767 204.415 
0.999906 0.000171064 -0.0136964 -2.04429 -0.000400782 0.999859 -0.0167712 -5.33302 0.0136916 0.0167752 0.999766 205.852 
0.999886 -0.00348275 -0.0146588 -2.09395 0.00323091 0.999847 -0.0171689 -5.35691 0.0147164 0.0171196 0.999745 207.299 
0.999875 -0.00493926 -0.0150439 -2.14454 0.00467002 0.999829 -0.0178798 -5.40452 0.0151296 0.0178073 0.999727 208.747 
0.999875 -0.00435297 -0.0152158 -2.19154 0.00407022 0.999819 -0.0185641 -5.45222 0.0152939 0.0184998 0.999712 210.201 
0.999881 -0.00275997 -0.0151704 -2.22852 0.00246996 0.999814 -0.0191018 -5.47777 0.0152203 0.0190621 0.999702 211.663 
0.99992 -0.00325247 -0.0122213 -2.46776 0.00301789 0.999812 -0.019164 -5.47352 0.0122813 0.0191256 0.999742 213.104 
0.999902 -0.00414751 -0.0133433 -2.4898 0.00388506 0.9998 -0.0196351 -5.52518 0.0134221 0.0195813 0.999718 214.572 
0.999893 -0.00486216 -0.0137609 -2.50998 0.00457855 0.999778 -0.0205667 -5.57698 0.0138579 0.0205015 0.999694 216.044 
0.999884 -0.00564119 -0.0141281 -2.52656 0.00534845 0.999772 -0.0206726 -5.64991 0.0142415 0.0205947 0.999686 217.517 
0.999841 -0.00514274 -0.0170645 -2.41652 0.00479592 0.999782 -0.020303 -5.72371 0.0171652 0.020218 0.999648 218.992 
0.999868 -0.00467447 -0.0155302 -2.46091 0.00435807 0.999784 -0.0203449 -5.78374 0.0156219 0.0202746 0.999672 220.468 
0.999867 -0.00478114 -0.0155683 -2.5028 0.00446146 0.99978 -0.020504 -5.83473 0.0156629 0.0204318 0.999669 221.953 
0.99984 -0.00593509 -0.0168837 -2.53954 0.00557145 0.999753 -0.0215044 -5.8449 0.0170071 0.0214068 0.999626 223.437 
0.999818 -0.00765026 -0.0174509 -2.59056 0.00726645 0.999733 -0.0219519 -5.86355 0.0176142 0.0218211 0.999607 224.925 
0.999867 -0.00475354 -0.0155843 -2.71079 0.00442643 0.999771 -0.0209572 -5.99827 0.0156804 0.0208854 0.999659 226.405 
0.999887 -0.00631189 -0.0136186 -2.85879 0.00602455 0.999761 -0.0210385 -6.04752 0.0137482 0.020954 0.999686 227.888 
0.999898 -0.0076288 -0.0120822 -2.93474 0.00737008 0.999746 -0.0213154 -6.09174 0.0122418 0.0212242 0.9997 229.377 
0.999894 -0.00763635 -0.0124185 -2.95254 0.00736681 0.999739 -0.0216075 -6.15 0.0125803 0.0215137 0.999689 230.87 
0.99991 -0.00812312 -0.0106941 -3.01925 0.00790901 0.99977 -0.0199138 -6.242 0.0108534 0.0198275 0.999745 232.363 
0.999915 -0.00825355 -0.0100918 -3.06918 0.0080526 0.999772 -0.0197935 -6.29411 0.0102528 0.0197105 0.999753 233.857 
0.999918 -0.00768875 -0.0101934 -3.09049 0.00748021 0.999765 -0.0203412 -6.34759 0.0103474 0.0202633 0.999741 235.357 
0.999884 -0.00929699 -0.0120552 -3.04431 0.0090396 0.999734 -0.0212318 -6.36714 0.0122493 0.0211204 0.999702 236.862 
0.999916 -0.00822933 -0.0100065 -3.10275 0.0080352 0.999782 -0.0192885 -6.46584 0.0101631 0.0192065 0.999764 238.364 
0.999915 -0.00804747 -0.010258 -3.10098 0.00786562 0.999813 -0.0176471 -6.5057 0.0103981 0.0175649 0.999792 239.874 
0.999903 -0.00953225 -0.0101436 -3.12363 0.00935956 0.999813 -0.0169376 -6.55901 0.0103031 0.016841 0.999805 241.384 
0.999915 -0.00913904 -0.00933754 -3.15075 0.00896642 0.999791 -0.0183646 -6.61821 0.00950343 0.0182793 0.999788 242.899 
0.99991 -0.00985876 -0.00905204 -3.17243 0.00968537 0.999773 -0.0190023 -6.69066 0.00923732 0.0189129 0.999778 244.412 
0.999915 -0.00934409 -0.00908448 -3.18725 0.00917093 0.999779 -0.0189197 -6.73309 0.00925926 0.0188347 0.99978 245.933 
0.999893 -0.0106475 -0.0100308 -3.19543 0.0104646 0.999781 -0.0181119 -6.77827 0.0102214 0.018005 0.999786 247.457 
0.999896 -0.0100234 -0.0104169 -3.21041 0.00983825 0.999795 -0.0176802 -6.83259 0.0105919 0.0175759 0.999789 248.977 
0.9999 -0.00887225 -0.0110567 -3.2174 0.00867867 0.99981 -0.0174339 -6.90871 0.0112093 0.0173362 0.999787 250.503 
0.999924 -0.00664552 -0.0103847 -3.22718 0.00646741 0.999833 -0.0170916 -6.9682 0.0104965 0.0170231 0.9998 252.03 
0.999936 -0.00593393 -0.00962769 -3.28452 0.00576908 0.999838 -0.0170614 -7.00817 0.00972737 0.0170048 0.999808 253.561 
0.999929 -0.00637184 -0.0100644 -3.30416 0.00619903 0.999834 -0.0171092 -7.04421 0.0101718 0.0170455 0.999803 255.093 
0.999919 -0.00869215 -0.00932523 -3.36102 0.00853437 0.999822 -0.0168281 -7.09519 0.00946984 0.0167471 0.999815 256.625 
0.999898 -0.0122339 -0.00743671 -3.44715 0.0121198 0.999811 -0.0152107 -7.14108 0.00762139 0.015119 0.999857 258.161 
0.999826 -0.0171852 -0.00723873 -3.48331 0.0170808 0.999753 -0.0142489 -7.18679 0.00748181 0.0141228 0.999872 259.699 
0.999815 -0.0180912 -0.00648374 -3.53201 0.0179922 0.999725 -0.0150223 -7.23745 0.00675373 0.0149028 0.999866 261.232 
0.99978 -0.0195396 -0.0075788 -3.53758 0.0194124 0.999675 -0.0165167 -7.26879 0.00789907 0.016366 0.999835 262.77 
0.999732 -0.0220661 -0.00704411 -3.60083 0.0219587 0.999647 -0.0149852 -7.30521 0.00737229 0.0148265 0.999863 264.307 
0.999699 -0.023779 -0.00602141 -3.62635 0.0236982 0.999633 -0.0131446 -7.35126 0.00633176 0.0129979 0.999895 265.852 
0.999652 -0.0255453 -0.00654284 -3.63613 0.0254389 0.999551 -0.0158517 -7.34431 0.00694483 0.0156797 0.999853 267.394 
0.999703 -0.0237568 -0.00549017 -3.60928 0.023662 0.99958 -0.0167276 -7.41046 0.00588525 0.0165927 0.999845 268.932 
0.999707 -0.023693 -0.00492479 -3.6337 0.023609 0.999586 -0.0164564 -7.4685 0.00531265 0.0163353 0.999852 270.471 
0.999722 -0.0231758 -0.00425212 -3.63801 0.023104 0.999602 -0.0162149 -7.53522 0.00462622 0.0161122 0.999859 272.011 
0.999728 -0.0230568 -0.00336825 -3.64218 0.0230001 0.999607 -0.0160016 -7.59356 0.00373587 0.0159198 0.999866 273.557 
0.999754 -0.0220902 -0.00211552 -3.65556 0.0220528 0.999624 -0.0163142 -7.63832 0.00247511 0.0162635 0.999865 275.099 
0.999753 -0.0221865 -0.000923882 -3.69647 0.0221683 0.999619 -0.0164281 -7.68458 0.00128801 0.0164035 0.999865 276.645 
0.999733 -0.0230936 -0.000743402 -3.69759 0.0230772 0.999582 -0.017405 -7.7029 0.00114504 0.0173832 0.999848 278.187 
0.999688 -0.0249917 -3.91486e-05 -3.72636 0.0249869 0.999525 -0.018059 -7.74744 0.000490455 0.0180524 0.999837 279.737 
0.999673 -0.0254936 0.00197765 -3.75398 0.0255249 0.999515 -0.0178583 -7.8002 -0.00152142 0.017903 0.999839 281.287 
0.999611 -0.0273699 0.00528344 -3.8718 0.0274637 0.99945 -0.0185788 -7.78438 -0.00477203 0.0187167 0.999813 282.837 
0.999549 -0.0295423 0.00539169 -3.87211 0.0296353 0.999397 -0.0180769 -7.83388 -0.0048544 0.0182285 0.999822 284.388 
0.999497 -0.0312681 0.00534138 -3.89887 0.0313715 0.999297 -0.0205152 -7.87777 -0.00469615 0.0206724 0.999775 285.932 
0.99944 -0.0331562 0.00445857 -3.89321 0.0332499 0.999185 -0.0228954 -7.93986 -0.00369581 0.0230309 0.999728 287.486 
0.999441 -0.0331145 0.00455511 -3.92496 0.0332092 0.999194 -0.0225717 -8.01491 -0.00380399 0.0227104 0.999735 289.038 
0.999417 -0.0339839 0.00312997 -3.90782 0.0340455 0.99917 -0.0223487 -8.08102 -0.00236788 0.0224423 0.999745 290.594 
0.999453 -0.0330177 0.00207193 -3.89754 0.0330568 0.999187 -0.0230886 -8.15634 -0.00130791 0.0231444 0.999731 292.151 
0.999292 -0.037593 0.00122127 -3.97975 0.0376113 0.999018 -0.0234045 -8.19942 -0.000340228 0.0234339 0.999725 293.711 
0.999297 -0.037495 0.000255079 -3.97876 0.037491 0.999033 -0.0229576 -8.26318 0.000605964 0.0229511 0.999736 295.28 
0.999283 -0.0378421 -0.000807382 -3.98017 0.0378139 0.999025 -0.0227823 -8.3242 0.00166873 0.0227355 0.99974 296.85 
0.999281 -0.0378809 -0.00174234 -3.9637 0.0378353 0.999057 -0.0213183 -8.40502 0.00254826 0.0212371 0.999771 298.427 
0.99933 -0.0365328 -0.00223918 -3.97452 0.0364817 0.99914 -0.0196991 -8.47804 0.00295692 0.0196042 0.999803 300.012 
0.99931 -0.0370416 -0.00260352 -3.96737 0.036985 0.999132 -0.0191732 -8.56285 0.00331146 0.0190637 0.999813 301.594 
0.999349 -0.036021 -0.00188892 -3.97042 0.0359775 0.999163 -0.0194796 -8.61874 0.00258901 0.0193989 0.999808 303.185 
0.999269 -0.0381785 -0.00209753 -3.98002 0.0381306 0.999083 -0.0194725 -8.68994 0.00283904 0.0193783 0.999808 304.781 
0.999228 -0.0391765 -0.00281855 -3.9356 0.0391076 0.999007 -0.0213459 -8.70951 0.003652 0.0212192 0.999768 306.38 
0.999185 -0.0402212 -0.00331173 -3.92474 0.0401293 0.9989 -0.0242727 -8.73995 0.00428436 0.02412 0.9997 307.983 
0.999104 -0.0421262 -0.00404872 -3.90549 0.0420136 0.998811 -0.0247439 -8.83762 0.00508627 0.0245516 0.999686 309.587 
0.999091 -0.0422376 -0.00579411 -3.93218 0.0420814 0.998805 -0.0248565 -8.94497 0.00683706 0.0245901 0.999674 311.198 
0.999094 -0.0414117 -0.00977674 -3.88464 0.0411568 0.99884 -0.0249777 -8.99176 0.0107998 0.0245527 0.99964 312.809 
0.999031 -0.0422892 -0.0122091 -3.90064 0.0420358 0.99891 -0.0203159 -9.10677 0.0130549 0.019783 0.999719 314.429 
0.999013 -0.0429841 -0.0111831 -3.92116 0.0427841 0.99893 -0.0175471 -9.14592 0.0119254 0.0170513 0.999783 316.056 
0.999094 -0.0409608 -0.0115367 -3.90994 0.0407592 0.999021 -0.0171965 -9.16756 0.0122298 0.0167107 0.999786 317.685 
0.999048 -0.0420899 -0.0114527 -3.92491 0.041875 0.998953 -0.0183995 -9.22683 0.0122152 0.0179024 0.999765 319.313 
0.998971 -0.0439096 -0.0113672 -3.92939 0.0436961 0.998876 -0.0183906 -9.29438 0.0121619 0.017875 0.999766 320.942 
0.99896 -0.0443225 -0.0107192 -3.94987 0.0441243 0.998863 -0.0180735 -9.34249 0.0115081 0.0175817 0.999779 322.573 
0.99894 -0.0448957 -0.0102065 -3.97074 0.0447082 0.99884 -0.017911 -9.40397 0.0109988 0.0174357 0.999787 324.198 
0.999006 -0.0434395 -0.0100237 -3.97769 0.0432453 0.998887 -0.0188407 -9.46656 0.0108309 0.0183885 0.999772 325.826 
0.999093 -0.0417528 -0.00837348 -4.02958 0.0415847 0.998948 -0.0193429 -9.53966 0.00917228 0.0189771 0.999778 327.453 
0.999112 -0.041584 -0.00675276 -4.05858 0.0414586 0.998983 -0.0177476 -9.6054 0.00748391 0.0174519 0.99982 329.079 
0.999057 -0.0428693 -0.0068191 -4.08914 0.0427475 0.99894 -0.0170968 -9.66082 0.00754479 0.0167892 0.999831 330.705 
0.999008 -0.0439967 -0.00689697 -4.1186 0.0438611 0.998863 -0.0187042 -9.70234 0.00771205 0.0183832 0.999801 332.323 
0.999074 -0.0426377 -0.00575421 -4.16371 0.0425261 0.998928 -0.0182882 -9.77438 0.00652781 0.0180266 0.999816 333.941 
0.999146 -0.0408291 -0.00637311 -4.16823 0.0406897 0.998958 -0.0206578 -9.81479 0.00720991 0.0203808 0.999766 335.554 
0.999238 -0.0384707 -0.00655599 -4.17562 0.0383043 0.998981 -0.0238602 -9.8614 0.00746723 0.0235909 0.999694 337.161 
0.999303 -0.0367398 -0.00661315 -4.22962 0.0365783 0.999064 -0.0230707 -9.95036 0.00745458 0.0228127 0.999712 338.77 
0.999326 -0.0358317 -0.00794999 -4.24949 0.0356736 0.999179 -0.0192015 -10.0251 0.00863148 0.018905 0.999784 340.376 
0.999309 -0.0356731 -0.0104582 -4.23855 0.0354991 0.999236 -0.0163733 -10.0689 0.0110343 0.0159907 0.999811 341.993 
0.999315 -0.0350448 -0.0119063 -4.23655 0.0348292 0.999234 -0.0178551 -10.1253 0.0125229 0.0174281 0.99977 343.599 
0.999228 -0.0367375 -0.0139514 -4.27273 0.0364673 0.999151 -0.0191544 -10.1866 0.0146432 0.0186308 0.999719 345.197 
0.999137 -0.0379273 -0.0169289 -4.28121 0.0376416 0.999149 -0.0168863 -10.2735 0.017555 0.0162345 0.999714 346.798 
0.999064 -0.0395703 -0.0174654 -4.33609 0.0392787 0.999088 -0.0167385 -10.3081 0.0181119 0.0160369 0.999707 348.397 
0.999063 -0.0390531 -0.01868 -4.3505 0.0387113 0.999082 -0.0183198 -10.3454 0.0193783 0.0175795 0.999658 349.994 
0.999038 -0.0397807 -0.0184762 -4.40506 0.0394283 0.999041 -0.0190604 -10.4054 0.0192168 0.0183136 0.999648 351.587 
0.998904 -0.0420286 -0.020598 -4.39863 0.0416575 0.998968 -0.0181258 -10.4985 0.0213385 0.0172479 0.999624 353.184 
0.998848 -0.0433854 -0.0204981 -4.45479 0.0430124 0.998907 -0.0183006 -10.5474 0.0212697 0.0173979 0.999622 354.774 
0.99877 -0.0450881 -0.0206524 -4.47006 0.0447179 0.998837 -0.0180483 -10.6155 0.0214422 0.0171025 0.999624 356.366 
0.998812 -0.0440213 -0.0209014 -4.49223 0.0436209 0.998863 -0.0192398 -10.6693 0.0217246 0.0183052 0.999596 357.956 
0.998798 -0.0442537 -0.0210661 -4.51204 0.0438703 0.998869 -0.0183292 -10.7503 0.0218534 0.017383 0.99961 359.545 
0.998764 -0.0453756 -0.0203068 -4.62428 0.0449853 0.998802 -0.0192815 -10.7889 0.0211574 0.0183442 0.999608 361.132 
0.998669 -0.0472963 -0.0205586 -4.65486 0.0468807 0.998695 -0.0202492 -10.8546 0.0214895 0.0192585 0.999584 362.717 
0.998661 -0.0479945 -0.0193141 -4.73604 0.047645 0.998699 -0.018168 -10.9449 0.020161 0.0172235 0.999648 364.31 
0.9986 -0.0496226 -0.0183476 -4.79397 0.0493165 0.998642 -0.0167767 -11.0194 0.0191552 0.0158484 0.999691 365.905 
0.998528 -0.0511362 -0.0180843 -4.84668 0.0508151 0.99855 -0.0177899 -11.0601 0.0189678 0.0168448 0.999678 367.501 
0.998502 -0.0517468 -0.0177501 -4.89502 0.0514286 0.998516 -0.017935 -11.1349 0.0186518 0.0169953 0.999682 369.105 
0.998598 -0.050045 -0.01727 -4.934 0.0497533 0.998618 -0.0169269 -11.1916 0.0180933 0.0160439 0.999708 370.693 
0.998721 -0.0479858 -0.015935 -4.98243 0.0477233 0.998725 -0.0164619 -11.2444 0.0167046 0.0156804 0.999738 372.332 
0.998691 -0.0484961 -0.0162908 -5.01174 0.0482158 0.998689 -0.0171785 -11.293 0.0171026 0.0163706 0.99972 373.941 
0.998729 -0.0470531 -0.018075 -4.99588 0.0467198 0.998738 -0.0184385 -11.3378 0.0189198 0.0175706 0.999667 375.497 
0.99861 -0.0492571 -0.0187395 -4.99098 0.0489149 0.998635 -0.0183061 -11.3872 0.0196157 0.017364 0.999657 377.103 
0.998616 -0.0496828 -0.0172584 -5.06504 0.0493697 0.998616 -0.0181183 -11.4503 0.0181347 0.0172411 0.999687 378.706 
0.998858 -0.0451686 -0.0155485 -5.13034 0.0448857 0.998828 -0.0180893 -11.5244 0.0163474 0.0173708 0.999715 380.317 
0.998993 -0.0427755 -0.0135279 -5.15983 0.0425323 0.998937 -0.0177827 -11.5712 0.0142742 0.0171894 0.99975 381.93 
0.999135 -0.0395362 -0.0128562 -5.19041 0.0392971 0.999059 -0.018344 -11.6557 0.0135694 0.0178229 0.999749 383.549 
0.999142 -0.0390815 -0.0137113 -5.18174 0.0388177 0.999066 -0.0190029 -11.7088 0.0144411 0.0184544 0.999725 385.159 
0.999248 -0.0368523 -0.012072 -5.22418 0.0366127 0.999139 -0.0195023 -11.7515 0.0127803 0.0190456 0.999737 386.775 
0.999265 -0.0363529 -0.012143 -5.19929 0.0361254 0.999177 -0.0184525 -11.7871 0.0128038 0.0180002 0.999756 388.392 
0.99925 -0.0369845 -0.0115122 -5.26737 0.0367755 0.999164 -0.0178664 -11.8406 0.0121633 0.0174296 0.999774 390.01 
0.999211 -0.0378885 -0.0119327 -5.26589 0.0376677 0.999124 -0.0182146 -11.8851 0.0126124 0.0177508 0.999763 391.64 
0.999307 -0.036004 -0.00949092 -5.2889 0.0358344 0.999205 -0.0174695 -11.9667 0.0101123 0.0171173 0.999802 393.26 
