1 0 0 0 0 1 0 0 0 0 1 0 
0.999999 0.000791484 0.00109328 0.00138818 -0.000786687 0.99999 -0.00438127 -0.00752563 -0.00109673 0.0043804 0.99999 0.961898 
0.999994 -0.00235276 0.00246898 -0.00431461 0.00236354 0.999988 -0.00437232 -0.0166373 -0.00245866 0.00437813 0.999987 1.92516 
0.999984 -0.00526388 0.00220003 -0.0107541 0.00526348 0.999986 0.000185824 -0.0238835 -0.00220098 -0.000174241 0.999998 2.88886 
0.999969 -0.00746316 0.00243031 -0.0201677 0.00744659 0.999949 0.00675695 -0.0309288 -0.00248061 -0.00673865 0.999974 3.84966 
0.999933 -0.011501 0.0010012 -0.0165935 0.0114937 0.99991 0.00698598 -0.0237708 -0.00108145 -0.00697401 0.999975 4.8083 
0.999889 -0.014928 0.000140442 -0.0143567 0.0149271 0.999877 0.00476614 -0.0230692 -0.000211574 -0.00476351 0.999989 5.74104 
0.999886 -0.0150834 -0.000639982 -0.0120566 0.0150845 0.999885 0.00169586 -0.0270188 0.000614328 -0.00170532 0.999998 6.67857 
0.999895 -0.0142642 -0.00247106 0.0309714 0.0142666 0.999898 0.000962797 -0.0193837 0.00245707 -0.00099795 0.999996 7.60752 
0.99988 -0.0148998 -0.00415513 0.0369859 0.014912 0.999885 0.00292283 -0.0273836 0.0041111 -0.00298444 0.999987 8.53694 
0.999865 -0.015967 -0.00394135 -0.00387816 0.0159906 0.999854 0.0060245 -0.0246745 0.00384458 -0.00608671 0.999974 9.46654 
0.99986 -0.0163224 -0.0035814 -0.0289066 0.016348 0.99984 0.00724668 -0.019934 0.00346254 -0.00730422 0.999967 10.3894 
0.999824 -0.0180545 -0.00504932 -0.0178396 0.0180935 0.999806 0.00778721 -0.0082371 0.00490775 -0.0078772 0.999957 11.34 
0.999815 -0.0185677 -0.00509767 -0.0414304 0.0186078 0.999795 0.00793493 -0.0012689 0.00494929 -0.00802832 0.999956 12.2238 
0.999797 -0.0192207 -0.00603542 -0.0549322 0.019257 0.999797 0.00600393 0.0128584 0.0059188 -0.00611894 0.999964 13.1337 
0.999781 -0.0181754 -0.0103844 0.0124422 0.0182049 0.99983 0.00274908 0.0424484 0.0103326 -0.00293752 0.999942 14.0393 
0.999746 -0.0197121 -0.010898 -0.0247999 0.0197263 0.999805 0.00119802 0.0496863 0.0108722 -0.00141269 0.99994 14.9429 
0.999731 -0.0197175 -0.0121983 -0.0494538 0.01975 0.999802 0.00254713 0.0196979 0.0121456 -0.00278736 0.999922 15.843 
0.999764 -0.0171997 -0.0132915 -0.0818338 0.017213 0.999851 0.00088927 0.0422705 0.0132742 -0.00111785 0.999911 16.7393 
0.999774 -0.0164652 -0.0134251 -0.133982 0.0164922 0.999862 0.00190379 0.0292712 0.0133919 -0.00212477 0.999908 17.6296 
0.999723 -0.0168904 -0.0163662 -0.103593 0.0169364 0.999853 0.00267957 0.0323574 0.0163186 -0.00295602 0.999862 18.5213 
0.999732 -0.0160517 -0.0166986 -0.135599 0.0161186 0.999863 0.00387877 0.0362839 0.0166341 -0.00414689 0.999853 19.4083 
0.999725 -0.014933 -0.0181061 -0.151427 0.0150102 0.999879 0.0041368 0.0419897 0.0180421 -0.00440744 0.999828 20.2891 
0.999652 -0.0167955 -0.020344 -0.161763 0.0168642 0.999853 0.0032093 0.0516582 0.0202871 -0.00355127 0.999788 21.1633 
0.999617 -0.0170937 -0.0217739 -0.181323 0.0171885 0.999844 0.00417471 0.0383387 0.0216991 -0.00454737 0.999754 22.0322 
0.999566 -0.0177998 -0.0234691 -0.196338 0.0179165 0.999828 0.00476887 0.0387643 0.0233802 -0.00518729 0.999713 22.8953 
0.999549 -0.017177 -0.0246312 -0.216293 0.0173356 0.99983 0.00624076 0.0463111 0.0245198 -0.00666495 0.999677 23.7521 
0.99951 -0.0180396 -0.0255939 -0.237348 0.0182808 0.99979 0.00922436 0.0458449 0.0254221 -0.00968772 0.99963 24.6097 
0.999485 -0.0180246 -0.02656 -0.254969 0.0183154 0.999775 0.010745 0.0516634 0.0263604 -0.0112259 0.999589 25.4365 
0.999486 -0.0175126 -0.026859 -0.287716 0.0177712 0.999798 0.00942004 0.0581002 0.0266886 -0.00989251 0.999595 26.2601 
0.999472 -0.0155704 -0.0285332 -0.306317 0.0157612 0.999855 0.00647543 0.0670286 0.0284282 -0.00692172 0.999572 27.0743 
0.999439 -0.0155726 -0.0296473 -0.325458 0.0157319 0.999863 0.00514585 0.0652859 0.0295631 -0.00560937 0.999547 27.871 
0.999423 -0.0146942 -0.0306289 -0.355688 0.0148414 0.999879 0.00458221 0.0729054 0.0305579 -0.00503414 0.99952 28.6633 
0.999381 -0.0148969 -0.0318777 -0.389422 0.0150359 0.999878 0.00412524 0.0735428 0.0318124 -0.00460199 0.999483 29.4481 
0.99938 -0.0129702 -0.0327424 -0.425917 0.0130834 0.999909 0.00324565 0.0715642 0.0326973 -0.00367201 0.999459 30.2195 
0.999325 -0.012716 -0.0344659 -0.457079 0.012837 0.999912 0.00329179 0.0752897 0.034421 -0.00373201 0.9994 30.9859 
0.999269 -0.0124021 -0.0361738 -0.487977 0.0125642 0.999912 0.00425745 0.0783129 0.0361178 -0.00470883 0.999336 31.7458 
0.99918 -0.013126 -0.0382932 -0.514716 0.0133835 0.999889 0.00647514 0.0873323 0.0382039 -0.00698233 0.999246 32.4899 
0.999159 -0.0116721 -0.0393128 -0.564246 0.0120098 0.999893 0.0083631 0.083522 0.0392109 -0.0088282 0.999192 33.2264 
0.999127 -0.00884448 -0.0408177 -0.613085 0.00920082 0.999921 0.00855044 0.0928731 0.0407389 -0.00891853 0.99913 33.9531 
0.999085 -0.00577296 -0.042383 -0.653975 0.00615562 0.999941 0.00890362 0.0827295 0.0423291 -0.00915637 0.999062 34.6943 
0.999037 -0.00381297 -0.0437145 -0.692796 0.00420021 0.999953 0.00877001 0.0799725 0.043679 -0.00894517 0.999006 35.3839 
0.998968 -0.00288148 -0.0453193 -0.729944 0.00331056 0.99995 0.00939583 0.0939328 0.0452899 -0.00953617 0.998928 36.0763 
0.998945 -0.00158876 -0.0458866 -0.786782 0.00211167 0.999933 0.0113494 0.0988582 0.0458655 -0.0114343 0.998882 36.7626 
0.998877 0.00177128 -0.0473492 -0.807396 -0.00123145 0.999934 0.0114279 0.10587 0.0473663 -0.0113567 0.998813 37.4392 
0.998966 0.00481396 -0.0452167 -0.858135 -0.00442656 0.999953 0.0086638 0.123061 0.0452562 -0.00845468 0.99894 38.1002 
0.999022 0.00604754 -0.0437918 -0.879384 -0.00579861 0.999966 0.00580903 0.127851 0.0438255 -0.00554942 0.999024 38.7529 
0.999112 0.00640791 -0.0416352 -0.912031 -0.0062467 0.999972 0.00400095 0.135967 0.0416597 -0.00373731 0.999125 39.3898 
0.999269 0.00658546 -0.0376661 -0.946858 -0.00641318 0.999968 0.00469299 0.144911 0.0376959 -0.00444799 0.999279 40.0263 
0.999353 0.0103716 -0.0344285 -0.980935 -0.0100838 0.999913 0.00852249 0.130995 0.0345139 -0.00816981 0.999371 40.6754 
0.9994 0.0155636 -0.0309579 -1.0035 -0.0152063 0.999815 0.0117458 0.128667 0.031135 -0.011268 0.999452 41.2809 
0.999424 0.019362 -0.0278805 -1.0087 -0.0189916 0.999729 0.0134875 0.118994 0.0281341 -0.0129503 0.99952 41.8801 
0.999476 0.023574 -0.0221699 -1.02778 -0.0232631 0.999629 0.0141785 0.120231 0.0224959 -0.0136553 0.999654 42.4649 
0.999517 0.0264625 -0.0163228 -1.0464 -0.0261894 0.999517 0.0167258 0.121397 0.0167575 -0.0162902 0.999727 43.0334 
0.999418 0.0326488 -0.00993145 -1.05524 -0.0324791 0.999331 0.016793 0.136713 0.0104731 -0.0164607 0.99981 43.5814 
0.999358 0.0356555 -0.00349227 -1.04255 -0.0355917 0.999224 0.0168964 0.134692 0.00409201 -0.0167612 0.999851 44.1084 
0.999258 0.0383013 0.00398306 -1.0535 -0.038364 0.999118 0.0170824 0.140699 -0.00332527 -0.0172225 0.999846 44.6158 
0.999032 0.0424789 0.0114613 -1.05089 -0.0426698 0.998945 0.0169591 0.145606 -0.0107288 -0.0174318 0.99979 45.0992 
0.998715 0.0468302 0.0193965 -1.04821 -0.0471161 0.998783 0.014553 0.146423 -0.0186914 -0.0154482 0.999706 45.5633 
0.998456 0.0482577 0.0275151 -1.03443 -0.0485999 0.998747 0.0119071 0.153845 -0.026906 -0.013226 0.99955 46.0025 
0.998321 0.0464654 0.034583 -1.02452 -0.0468893 0.998833 0.0115492 0.176127 -0.034006 -0.0131514 0.999335 46.4237 
0.998032 0.0457436 0.0429006 -1.00891 -0.0463655 0.998832 0.0136134 0.16937 -0.0422278 -0.0155757 0.998987 46.821 
0.997504 0.0479791 0.0517966 -1.00862 -0.0488164 0.998695 0.0150222 0.160051 -0.0510083 -0.0175132 0.998545 47.1933 
0.996831 0.0509351 0.0611077 -0.996827 -0.0519641 0.998531 0.0153682 0.167343 -0.0602352 -0.0184949 0.998013 47.5564 
0.996061 0.0550314 0.069529 -0.96601 -0.0561937 0.998309 0.0148712 0.172225 -0.0685931 -0.0187197 0.997469 47.8664 
0.995269 0.0579731 0.077972 -0.927043 -0.0593018 0.99813 0.0148322 0.189369 -0.0769663 -0.0193859 0.996845 48.1626 
0.994647 0.0576762 0.0857348 -0.882501 -0.0592507 0.998116 0.0159329 0.179857 -0.0846544 -0.0209274 0.996191 48.4348 
0.993627 0.0564921 0.0975444 -0.868928 -0.0581414 0.998208 0.0141475 0.204792 -0.0965704 -0.0197287 0.995131 48.7011 
0.990412 0.0539844 0.127164 -1.1145 -0.0557489 0.998391 0.0103556 0.224319 -0.1264 -0.0173455 0.991828 48.7893 
0.989291 0.055912 0.134822 -1.36084 -0.0573742 0.998328 0.00698127 0.23356 -0.134206 -0.0146418 0.990845 48.7071 
0.986963 0.0573355 0.150391 -1.31508 -0.0587188 0.998263 0.0047698 0.254529 -0.149857 -0.0135384 0.988615 48.9602 
0.980353 0.0568672 0.188876 -1.56285 -0.0588538 0.998254 0.00492149 0.265478 -0.188266 -0.0159408 0.981989 49.0593 
0.976846 0.0574663 0.206081 -1.51033 -0.0597211 0.998204 0.00473233 0.258918 -0.205439 -0.0169302 0.978523 49.2953 
0.972762 0.057594 0.224539 -1.43996 -0.0602581 0.99817 0.00502448 0.254628 -0.223839 -0.0184179 0.974452 49.5372 
0.968149 0.0568237 0.243841 -1.36802 -0.0602063 0.998165 0.00643535 0.240527 -0.243027 -0.0209111 0.969794 49.7823 
0.962752 0.0566556 0.264382 -1.31178 -0.0605107 0.998147 0.0064537 0.239813 -0.263527 -0.0222113 0.964396 50.0152 
0.956655 0.0583872 0.285311 -1.22897 -0.0623764 0.998041 0.00490672 0.24156 -0.284466 -0.0224907 0.958422 50.2502 
0.949595 0.0592384 0.30783 -1.13447 -0.0634833 0.997976 0.00378443 0.245529 -0.306983 -0.0231358 0.951434 50.4815 
0.941457 0.0598782 0.331772 -1.02402 -0.06483 0.997889 0.0038669 0.242929 -0.33084 -0.0251493 0.943352 50.7117 
0.932239 0.0624921 0.356406 -0.904307 -0.0683675 0.997653 0.00389847 0.234024 -0.355326 -0.0280009 0.934323 50.9399 
0.921435 0.0642296 0.383187 -0.775989 -0.0711315 0.99746 0.00385357 0.226563 -0.381966 -0.0308075 0.923663 51.1706 
0.909104 0.0647592 0.411504 -0.64938 -0.0730295 0.99732 0.00438843 0.212351 -0.410117 -0.0340415 0.911397 51.3932 
0.895479 0.0618935 0.440779 -0.494053 -0.0715364 0.997424 0.00527536 0.211665 -0.439317 -0.0362557 0.8976 51.6034 
0.879411 0.0574597 0.472584 -0.338342 -0.0682748 0.99765 0.00574913 0.232759 -0.471143 -0.0373214 0.881267 51.8198 
0.861014 0.0529442 0.505818 -0.183752 -0.0645929 0.997897 0.00550108 0.244433 -0.504463 -0.0374088 0.862623 52.0377 
0.839717 0.0518407 0.540545 -0.0372542 -0.0637632 0.997959 0.0033449 0.232158 -0.539268 -0.0372756 0.841309 52.2675 
0.816307 0.0517677 0.575294 0.140114 -0.0638004 0.997962 0.000727274 0.241492 -0.574085 -0.0372977 0.817946 52.4942 
0.790016 0.0542488 0.610682 0.333902 -0.0665647 0.997779 -0.00252369 0.227633 -0.609463 -0.0386561 0.791872 52.724 
0.761266 0.0572327 0.64591 0.54459 -0.0701971 0.997517 -0.00565401 0.22437 -0.644629 -0.0410368 0.763393 52.943 
0.729814 0.0611144 0.680909 0.778928 -0.0746446 0.997165 -0.00949391 0.223611 -0.679559 -0.0438974 0.732307 53.1707 
0.694612 0.0611625 0.71678 1.02296 -0.0772069 0.996962 -0.0102512 0.209432 -0.71523 -0.0482197 0.697224 53.411 
0.659142 0.0579475 0.749782 1.34276 -0.0780323 0.996915 -0.0084482 0.210926 -0.747959 -0.0529387 0.661631 53.5758 
0.619289 0.0548451 0.783245 1.67321 -0.0791588 0.996836 -0.00721288 0.204085 -0.781163 -0.0575339 0.621671 53.7814 
0.576021 0.0525507 0.815744 2.02221 -0.0807061 0.996712 -0.0072198 0.204073 -0.813441 -0.0616767 0.578369 53.9757 
0.528615 0.0483727 0.847483 2.38188 -0.0802986 0.996748 -0.00680641 0.209778 -0.845056 -0.0644537 0.53078 54.1722 
0.479317 0.0445626 0.87651 2.77032 -0.0816346 0.996644 -0.00602873 0.211033 -0.873837 -0.0686638 0.481347 54.3519 
0.430068 0.0412426 0.901854 3.18 -0.0842369 0.996431 -0.00539759 0.216417 -0.898858 -0.0736481 0.432007 54.5106 
0.381523 0.0395379 0.923513 3.62405 -0.0891821 0.995998 -0.00579812 0.210295 -0.920047 -0.0801488 0.383523 54.6216 
0.330633 0.0424254 0.942805 4.06696 -0.0951846 0.995394 -0.0114115 0.199368 -0.938947 -0.0859675 0.333149 54.758 
0.280925 0.0389404 0.958939 4.52822 -0.0953431 0.995366 -0.0124885 0.202025 -0.954982 -0.08792 0.283336 54.8684 
0.234512 0.026358 0.971756 5.01425 -0.0948196 0.995486 -0.00411906 0.187358 -0.967478 -0.0911755 0.235952 54.9251 
0.190505 0.0132515 0.981597 5.51772 -0.0969393 0.995276 0.00537753 0.169689 -0.976888 -0.0961797 0.19089 54.9804 
0.151275 0.0039478 0.988484 6.04417 -0.0965387 0.995271 0.0107991 0.15893 -0.983766 -0.0970606 0.15094 54.9746 
0.112632 -0.00035137 0.993637 6.55835 -0.0944442 0.995469 0.0110576 0.17322 -0.989138 -0.0950887 0.112088 55.0157 
0.0794843 -0.00827623 0.996802 7.09209 -0.092938 0.995548 0.0156766 0.169452 -0.992494 -0.0938868 0.0783613 55.0367 
0.050717 -0.01667 0.998574 7.64485 -0.0936572 0.995375 0.0213734 0.181527 -0.994312 -0.0946077 0.0489212 55.0613 
0.0259416 -0.0242848 0.999368 8.21135 -0.0949673 0.995124 0.0266468 0.198119 -0.995142 -0.0955986 0.0235089 55.053 
0.0056721 -0.0295781 0.999546 8.78903 -0.0953776 0.994989 0.0299845 0.225468 -0.995425 -0.0955044 0.0028226 55.0443 
-0.0106393 -0.0324651 0.999416 9.37071 -0.0937996 0.995098 0.0313263 0.245801 -0.995534 -0.0934115 -0.0136324 55.0059 
-0.0239711 -0.0336797 0.999145 9.97588 -0.0939669 0.995084 0.0312884 0.26777 -0.995287 -0.0931366 -0.027018 54.9799 
-0.0343319 -0.0351665 0.998792 10.5742 -0.0931743 0.995141 0.0318353 0.285538 -0.995058 -0.0919688 -0.0374417 54.917 
-0.0439654 -0.0393969 0.998256 11.1932 -0.0903521 0.995284 0.0353003 0.30914 -0.994939 -0.0886426 -0.0473177 54.8808 
-0.0504458 -0.0436999 0.99777 11.823 -0.0881985 0.995334 0.039134 0.351424 -0.994825 -0.0860277 -0.0540647 54.8566 
-0.0551907 -0.0431598 0.997543 12.46 -0.0888966 0.99531 0.0381448 0.369388 -0.994511 -0.0865729 -0.0587686 54.7973 
-0.0588732 -0.0407582 0.997433 13.1135 -0.0915726 0.995174 0.0352608 0.39481 -0.994057 -0.0892616 -0.0623215 54.761 
-0.0616393 -0.038584 0.997352 13.7747 -0.0982098 0.994638 0.0324093 0.425171 -0.993255 -0.0959521 -0.0650981 54.7229 
-0.0627973 -0.0399117 0.997228 14.4547 -0.104013 0.99402 0.0332334 0.455199 -0.992591 -0.101638 -0.0665732 54.6756 
-0.0632735 -0.0424243 0.997094 15.1408 -0.106841 0.993642 0.0354975 0.477201 -0.992261 -0.104284 -0.0674039 54.6317 
-0.0637344 -0.0449727 0.996953 15.8309 -0.104487 0.993794 0.0381505 0.514524 -0.992482 -0.101737 -0.068038 54.5942 
-0.0627836 -0.0460301 0.996965 16.5268 -0.0971748 0.994471 0.0397954 0.544449 -0.993285 -0.0943814 -0.0669095 54.551 
-0.0604472 -0.0474392 0.997043 17.2286 -0.0892305 0.995128 0.0419383 0.588013 -0.994175 -0.0864316 -0.0643857 54.5172 
-0.0574001 -0.0487369 0.997161 17.9442 -0.0881986 0.99515 0.0435616 0.646415 -0.994448 -0.0854478 -0.0614202 54.4424 
-0.0557247 -0.0481409 0.997285 18.6817 -0.0929341 0.994751 0.0428257 0.683039 -0.994112 -0.0902953 -0.0599061 54.4141 
-0.053608 -0.0473853 0.997437 19.4176 -0.0997177 0.994134 0.041869 0.700363 -0.993571 -0.0972177 -0.0580188 54.3476 
-0.0509516 -0.0452878 0.997674 20.1525 -0.10123 0.99406 0.039954 0.74588 -0.993557 -0.0989585 -0.0552334 54.3295 
-0.0472174 -0.0524895 0.997505 20.8782 -0.0965868 0.994179 0.0477425 0.780175 -0.994204 -0.0940915 -0.0520123 54.2869 
-0.0446708 -0.0535307 0.997567 21.6077 -0.0912256 0.99461 0.049287 0.817218 -0.994828 -0.0888019 -0.0493134 54.2692 
-0.0418852 -0.0479105 0.997973 22.3443 -0.0907986 0.994899 0.0439521 0.857001 -0.994988 -0.0887736 -0.0460218 54.2483 
-0.0391679 -0.0423228 0.998336 23.074 -0.0941784 0.994811 0.0384784 0.877621 -0.994785 -0.0925146 -0.0429506 54.209 
-0.0362282 -0.045885 0.99829 23.8168 -0.0974129 0.99435 0.0421688 0.914085 -0.994584 -0.0957185 -0.0404933 54.2022 
-0.032704 -0.050544 0.998186 24.5564 -0.0969683 0.994169 0.0471636 0.941724 -0.99475 -0.09525 -0.0374145 54.1776 
-0.0306016 -0.0511487 0.998222 25.28 -0.0923749 0.99456 0.0481292 0.985449 -0.995254 -0.0907378 -0.03516 54.1574 
-0.0264541 -0.0481247 0.998491 26.0137 -0.0918792 0.99473 0.0455091 1.02893 -0.995419 -0.0905366 -0.0307363 54.1454 
-0.0231571 -0.045968 0.998674 26.7519 -0.0920504 0.994797 0.0436551 1.05975 -0.995485 -0.0909175 -0.027268 54.1295 
-0.0185477 -0.0517998 0.998485 27.4904 -0.0954857 0.994184 0.0498029 1.10485 -0.995258 -0.0944174 -0.0233859 54.0794 
-0.0144356 -0.0561792 0.998316 28.2253 -0.0951005 0.993971 0.0545596 1.14323 -0.995363 -0.0941528 -0.0196913 54.0551 
-0.0109861 -0.0590087 0.998197 28.9606 -0.0940823 0.99389 0.0577186 1.19056 -0.995504 -0.0932786 -0.0164707 54.0565 
-0.00863049 -0.0597796 0.998174 29.6954 -0.0941251 0.993828 0.0587055 1.23124 -0.995523 -0.0934466 -0.014204 54.0637 
-0.00482189 -0.0611664 0.998116 30.4346 -0.0955618 0.993588 0.0604273 1.28034 -0.995412 -0.0950904 -0.0106361 54.0476 
-0.00101892 -0.0634968 0.997982 31.1752 -0.0963676 0.993343 0.0631033 1.33324 -0.995345 -0.0961087 -0.00713117 54.0339 
0.0019675 -0.061617 0.998098 31.9135 -0.095922 0.993486 0.0615214 1.384 -0.995387 -0.0958606 -0.00395574 54.0218 
0.00472304 -0.0586205 0.998269 32.6556 -0.0941554 0.993819 0.0588047 1.43575 -0.995546 -0.0942702 -0.000825588 54.0396 
0.0073857 -0.0601258 0.998163 33.3989 -0.0938322 0.993745 0.0605539 1.49001 -0.995561 -0.0941071 0.00169777 54.0466 
0.011056 -0.0569517 0.998316 34.147 -0.0936241 0.993932 0.0577385 1.53743 -0.995546 -0.0941048 0.00565689 54.0406 
0.0130892 -0.0555507 0.99837 34.891 -0.0934295 0.99402 0.0565335 1.59021 -0.99554 -0.0940172 0.00782086 54.0642 
0.0159781 -0.0530181 0.998466 35.6475 -0.0937384 0.994116 0.0542872 1.63483 -0.995469 -0.094462 0.0109142 54.0794 
0.0192117 -0.0510873 0.998509 36.4016 -0.0916921 0.994395 0.052641 1.68395 -0.995602 -0.0925667 0.0144197 54.095 
0.0226234 -0.0494425 0.998521 37.1574 -0.0881253 0.99479 0.0512544 1.72349 -0.995852 -0.0891545 0.0181484 54.1015 
0.0264876 -0.0491801 0.998439 37.9205 -0.0867543 0.994908 0.0513077 1.75764 -0.995878 -0.0879778 0.0220861 54.1211 
0.0272457 -0.0437362 0.998672 38.6861 -0.0866303 0.99518 0.0459467 1.79196 -0.995868 -0.0877671 0.0233255 54.1682 
0.0295495 -0.0401334 0.998757 39.4597 -0.0877391 0.995233 0.0425876 1.8361 -0.995705 -0.0888885 0.0258874 54.206 
0.0335586 -0.0422767 0.998542 40.2382 -0.0870964 0.99518 0.0450614 1.87208 -0.995634 -0.0884816 0.0297147 54.23 
0.0367628 -0.040798 0.998491 41.0169 -0.0859153 0.995338 0.0438324 1.9056 -0.995624 -0.087397 0.0330863 54.2779 
0.0407691 -0.036575 0.998499 41.8034 -0.0851538 0.995567 0.0399444 1.95018 -0.995533 -0.0866545 0.0374738 54.31 
0.0446855 -0.0352085 0.99838 42.5965 -0.0870639 0.995439 0.0390016 1.98979 -0.9952 -0.0886657 0.0414163 54.3505 
0.0498595 -0.0358258 0.998113 43.4068 -0.0872063 0.995384 0.0400841 2.02628 -0.994942 -0.0890403 0.0465051 54.3893 
0.0550955 -0.0335698 0.997917 44.1844 -0.0832964 0.995796 0.0380973 2.07398 -0.995001 -0.0852219 0.0520676 54.4484 
0.0612736 -0.0323756 0.997596 44.9785 -0.075311 0.996475 0.0369649 2.10727 -0.995276 -0.077395 0.0586193 54.4964 
0.0678593 -0.0303498 0.997233 45.7833 -0.0707051 0.996878 0.0351503 2.13926 -0.995186 -0.0728947 0.0655015 54.5798 
0.075845 -0.0267891 0.99676 46.6028 -0.0687201 0.997122 0.0320279 2.17006 -0.994749 -0.0709266 0.0737858 54.649 
0.0830518 -0.0228431 0.996283 47.4004 -0.0707492 0.997079 0.0287591 2.20428 -0.994031 -0.0728747 0.0811931 54.7153 
0.0909019 -0.0236002 0.99558 48.2185 -0.0724178 0.996916 0.030244 2.24281 -0.993223 -0.074847 0.0889125 54.7921 
0.0986207 -0.0222192 0.994877 49.0388 -0.0757985 0.996679 0.0297733 2.27109 -0.992234 -0.0783465 0.0966089 54.861 
0.105435 -0.0185052 0.994254 49.8583 -0.0817515 0.996281 0.0272122 2.2933 -0.99106 -0.0841509 0.10353 54.9732 
0.112839 -0.0165178 0.993476 50.6732 -0.0883412 0.995735 0.0265891 2.34238 -0.989678 -0.0907652 0.110898 55.0768 
0.120513 -0.0171141 0.992564 51.4994 -0.0911452 0.995437 0.0282301 2.36601 -0.988519 -0.0938696 0.118404 55.1852 
0.127377 -0.0162762 0.991721 52.2882 -0.0891122 0.995634 0.0277861 2.38757 -0.987843 -0.0919137 0.125371 55.2972 
0.133048 -0.016241 0.990976 53.0812 -0.0822969 0.996232 0.0273763 2.40642 -0.987687 -0.0851967 0.13121 55.41 
0.137967 -0.0151707 0.990321 53.8674 -0.0786893 0.996554 0.0262288 2.43931 -0.987306 -0.0815464 0.136298 55.5302 
0.142678 -0.0134864 0.989677 54.6333 -0.0764096 0.996773 0.0245988 2.45834 -0.986815 -0.0791306 0.141187 55.6544 
0.147983 -0.0112878 0.988925 55.4037 -0.0773913 0.996736 0.0229579 2.48182 -0.985957 -0.0799316 0.146626 55.7838 
0.152571 -0.01389 0.988195 56.1847 -0.0790151 0.996529 0.0262066 2.50308 -0.985129 -0.0820807 0.150944 55.8993 
0.156971 -0.0139436 0.987505 56.9353 -0.0856162 0.995944 0.0276721 2.51809 -0.983885 -0.0888901 0.155141 56.012 
0.160694 -0.0120328 0.986931 57.6911 -0.0925925 0.995332 0.0272113 2.53599 -0.982652 -0.0957551 0.158829 56.1249 
0.163173 -0.00776477 0.986567 58.4348 -0.0967661 0.995022 0.023836 2.55523 -0.98184 -0.0993557 0.16161 56.2646 
0.166765 -0.00652495 0.985975 59.167 -0.0971157 0.995007 0.0230106 2.57341 -0.981202 -0.099591 0.165299 56.3715 
0.16872 -0.0048804 0.985652 59.8804 -0.0960087 0.995151 0.0213619 2.58841 -0.980977 -0.0982354 0.167434 56.5262 
0.169017 -0.000339605 0.985613 60.5853 -0.0929002 0.995542 0.016274 2.60357 -0.981225 -0.0943142 0.168232 56.6685 
0.17145 0.00158919 0.985192 61.2851 -0.0897623 0.995865 0.0140147 2.60039 -0.981095 -0.0908359 0.170884 56.7838 
0.173197 0.00264949 0.984884 61.9688 -0.0845345 0.996346 0.0121855 2.61232 -0.981253 -0.0853671 0.172788 56.9083 
0.175629 0.00176394 0.984455 62.65 -0.0817063 0.996574 0.0127909 2.63069 -0.98106 -0.0826826 0.175172 57.0268 
0.178414 0.00203581 0.983953 63.3275 -0.0822801 0.996526 0.0128575 2.64962 -0.980509 -0.0832537 0.177962 57.124 
0.179029 0.00185423 0.983842 63.9936 -0.0852096 0.99627 0.0136279 2.6618 -0.980147 -0.0862726 0.178519 57.2444 
0.178573 0.00209447 0.983924 64.6483 -0.0877408 0.996048 0.0138039 2.66961 -0.980007 -0.0887953 0.178051 57.38 
0.178147 0.00204605 0.984002 65.2925 -0.0890319 0.99593 0.0140478 2.67394 -0.979968 -0.0901101 0.177605 57.4938 
0.175832 0.00295998 0.984416 65.9268 -0.0903943 0.995819 0.0131516 2.67587 -0.980261 -0.0912981 0.175365 57.6118 
0.174307 0.00425051 0.984682 66.5535 -0.0906082 0.995817 0.0117407 2.67432 -0.980514 -0.0912668 0.173963 57.7253 
0.172911 0.004503 0.984927 67.1834 -0.0874443 0.996111 0.0107974 2.68902 -0.981048 -0.0879933 0.172632 57.8401 
0.170482 0.00275134 0.985357 67.764 -0.0832428 0.996462 0.01162 2.69129 -0.981838 -0.0840049 0.170108 57.9435 
0.168517 0.00187737 0.985697 68.3746 -0.0818917 0.996568 0.0121024 2.69874 -0.982291 -0.0827599 0.168093 58.0464 
0.165981 0.00361257 0.986122 68.9603 -0.0830615 0.996491 0.0103301 2.71289 -0.982625 -0.0836234 0.165698 58.1434 
0.16365 0.00394687 0.986511 69.5465 -0.0863153 0.996214 0.010333 2.71675 -0.982735 -0.086842 0.163371 58.2381 
0.161501 0.00377602 0.986865 70.12 -0.089946 0.995887 0.0109092 2.7268 -0.982765 -0.0905264 0.161176 58.3313 
0.159021 0.000690974 0.987275 70.6756 -0.0895821 0.995885 0.0137321 2.73215 -0.983203 -0.0906259 0.158429 58.4243 
0.157635 -0.00367596 0.987491 71.2266 -0.0867343 0.996077 0.0175535 2.74532 -0.983681 -0.0884164 0.156698 58.5008 
0.155362 -0.00803349 0.987825 71.7737 -0.0832081 0.996307 0.0211891 2.76345 -0.984347 -0.085487 0.154119 58.5768 
0.154624 -0.00769893 0.987943 72.3153 -0.0813456 0.996475 0.0204969 2.77523 -0.984619 -0.0835342 0.153453 58.6617 
0.153363 -0.00689307 0.988146 72.8568 -0.079089 0.996682 0.0192274 2.78372 -0.985 -0.0811002 0.152309 58.7427 
0.152515 -0.00854966 0.988264 73.4074 -0.0810673 0.996485 0.0211316 2.78499 -0.984971 -0.0833388 0.151286 58.8093 
0.152861 -0.0129093 0.988163 73.955 -0.0805459 0.996425 0.025477 2.79897 -0.98496 -0.083487 0.151275 58.8721 
0.155149 -0.0188649 0.987711 74.5026 -0.0803303 0.996266 0.0316466 2.83072 -0.98462 -0.084253 0.153054 58.9531 
0.157639 -0.0213663 0.987266 75.0549 -0.0794535 0.99625 0.0342472 2.8577 -0.984295 -0.0838404 0.15535 59.0362 
0.161554 -0.0187544 0.986686 75.6134 -0.0805046 0.996237 0.0321172 2.87644 -0.983575 -0.0846214 0.159436 59.1208 
0.166417 -0.0176627 0.985897 76.1641 -0.0803974 0.996268 0.0314193 2.89742 -0.982772 -0.0844923 0.164376 59.2263 
0.173613 -0.0191202 0.984628 76.73 -0.0808462 0.99616 0.0335992 2.92167 -0.98149 -0.0854367 0.171401 59.3135 
0.181262 -0.0171321 0.983286 77.3115 -0.0809375 0.996196 0.0322773 2.9502 -0.980099 -0.0854354 0.179186 59.4261 
0.190056 -0.0177006 0.981614 77.8758 -0.0819472 0.996062 0.0338274 2.99424 -0.978347 -0.0868696 0.187857 59.5372 
0.199545 -0.0149515 0.979775 78.4433 -0.0825582 0.996072 0.0320144 3.03531 -0.976405 -0.0872767 0.197527 59.6644 
0.208552 -0.0136955 0.977915 79.0356 -0.0827817 0.996066 0.0316039 3.07182 -0.974502 -0.0875446 0.206598 59.8218 
0.218004 -0.00822 0.975913 79.6063 -0.0810127 0.996361 0.0264892 3.09434 -0.97258 -0.0848361 0.216544 59.9675 
0.227895 -0.00585309 0.973668 80.213 -0.0793698 0.996542 0.0245678 3.12853 -0.970445 -0.0828787 0.226643 60.129 
0.238885 -0.00170696 0.971046 80.8144 -0.078315 0.996707 0.0210182 3.14596 -0.967885 -0.0810684 0.237965 60.2885 
0.249478 0.000385305 0.96838 81.4266 -0.0763257 0.996897 0.0192667 3.16676 -0.965368 -0.0787189 0.248733 60.4574 
0.259185 0.00555519 0.965812 82.0508 -0.0772728 0.996897 0.0150029 3.16679 -0.962732 -0.0785195 0.25881 60.6161 
0.269064 0.00661641 0.9631 82.6805 -0.0780981 0.996833 0.0149703 3.17571 -0.959951 -0.0792442 0.268728 60.8272 
0.279739 0.0120617 0.96 83.33 -0.0790545 0.996815 0.0105118 3.1933 -0.956816 -0.0788329 0.279802 61.019 
0.28987 0.0119086 0.956992 83.9984 -0.0833297 0.996439 0.0128409 3.21127 -0.953431 -0.083468 0.28983 61.2284 
0.300532 0.00939353 0.953725 84.6766 -0.0879998 0.995959 0.0179205 3.22271 -0.949703 -0.0893133 0.300145 61.4364 
0.311937 0.00574459 0.950086 85.3583 -0.0909024 0.995575 0.0238259 3.24985 -0.945744 -0.0937972 0.311078 61.678 
0.32204 0.00474857 0.946714 86.0531 -0.0941667 0.995189 0.0270406 3.27855 -0.942031 -0.0978571 0.320937 61.9205 
0.331783 -0.000471168 0.943355 86.7684 -0.0919213 0.995225 0.0328263 3.31446 -0.938866 -0.0976057 0.330156 62.1595 
0.340876 -0.00645369 0.940086 87.4827 -0.0922143 0.994925 0.0402672 3.35689 -0.935575 -0.100416 0.338551 62.4041 
0.348733 -0.0163247 0.93708 88.2208 -0.0948692 0.994098 0.0526234 3.39733 -0.932408 -0.107252 0.345126 62.6601 
0.35715 -0.0215302 0.933799 88.9581 -0.0949011 0.993724 0.0592087 3.44017 -0.929213 -0.109765 0.352866 62.906 
0.364868 -0.0228885 0.930778 89.684 -0.0928494 0.99382 0.0608361 3.4861 -0.926418 -0.108619 0.360488 63.1906 
0.372339 -0.0246116 0.92777 90.4034 -0.0840467 0.994647 0.0601159 3.54542 -0.924283 -0.10036 0.368277 63.4718 
0.37909 -0.0282699 0.924928 91.1255 -0.0762127 0.995184 0.0616537 3.61616 -0.922216 -0.0938635 0.37511 63.7746 
0.38403 -0.0262734 0.922947 91.8374 -0.0752386 0.99538 0.0596414 3.66974 -0.92025 -0.0923453 0.380279 64.088 
0.388464 -0.0198608 0.92125 92.5371 -0.0783199 0.995438 0.0544853 3.73092 -0.91813 -0.0933178 0.385136 64.4032 
0.393419 -0.0125949 0.919273 93.2434 -0.079727 0.995672 0.0477622 3.76931 -0.915896 -0.0920814 0.390712 64.6927 
0.397813 -0.0127652 0.917378 93.9265 -0.0766542 0.995945 0.0470989 3.80888 -0.914259 -0.0890574 0.395221 65.0067 
0.402119 -0.0103083 0.915529 94.6151 -0.0743411 0.996267 0.0438695 3.8549 -0.912564 -0.0857022 0.399852 65.3162 
0.406491 -0.00560963 0.913638 95.2956 -0.0748009 0.99642 0.039398 3.8512 -0.910588 -0.0843559 0.404616 65.5663 
0.410292 -0.00443487 0.911943 95.9591 -0.0767894 0.996269 0.0393933 3.88988 -0.908715 -0.0861903 0.408421 65.8841 
0.413775 -0.00592459 0.91036 96.6202 -0.0781951 0.996052 0.0420234 3.93842 -0.907015 -0.0885739 0.411679 66.2079 
0.417225 -0.00537012 0.908787 97.2605 -0.0808958 0.995794 0.0430236 3.97273 -0.905196 -0.0914676 0.415036 66.5016 
0.420933 -0.00441563 0.907081 97.9113 -0.081625 0.995747 0.0427255 4.01552 -0.903412 -0.0920251 0.418782 66.8171 
0.424283 -0.00226881 0.905527 98.5162 -0.081387 0.995854 0.0406289 4.04136 -0.901865 -0.0909363 0.42234 67.1063 
0.426881 -0.00359389 0.904301 99.1213 -0.0795542 0.995966 0.0415122 4.07711 -0.900802 -0.0896617 0.424873 67.4101 
0.429038 -0.00502077 0.903273 99.7298 -0.0797665 0.995867 0.0434231 4.10557 -0.899758 -0.0906811 0.426864 67.6978 
0.430414 -0.00712079 0.902603 100.319 -0.0790463 0.99583 0.0455501 4.13631 -0.899164 -0.0909528 0.428056 67.9995 
0.431747 -0.00508058 0.90198 100.898 -0.08036 0.995791 0.0440745 4.17214 -0.898408 -0.0915122 0.429521 68.3051 
0.433268 -0.00546259 0.901249 101.474 -0.0807478 0.995725 0.044854 4.18557 -0.897641 -0.0922076 0.430974 68.597 
0.435575 -0.00291753 0.900148 102.045 -0.0803685 0.995875 0.0421176 4.19931 -0.896557 -0.0906889 0.433544 68.8714 
0.438336 -0.00532344 0.898796 102.6 -0.0781651 0.995968 0.0440195 4.21626 -0.895406 -0.0895498 0.436152 69.1425 
0.440541 -0.00684088 0.897706 103.143 -0.0771984 0.995978 0.0454741 4.24176 -0.894407 -0.0893347 0.438241 69.4358 
0.444023 -0.00936993 0.895966 103.688 -0.0757875 0.995969 0.0479745 4.27419 -0.892804 -0.0892048 0.441524 69.6973 
0.445748 -0.00909016 0.895112 104.214 -0.076911 0.995862 0.0484134 4.28527 -0.891848 -0.0904242 0.443204 69.9881 
0.44878 -0.0078289 0.893608 104.741 -0.0781533 0.995786 0.0479736 4.29653 -0.890218 -0.091368 0.446278 70.2522 
0.45143 -0.00908634 0.89226 105.249 -0.0771148 0.99581 0.0491563 4.33786 -0.888968 -0.0909971 0.448838 70.5427 
0.454508 -0.0104492 0.890681 105.76 -0.0758717 0.995843 0.0503997 4.37405 -0.887505 -0.0904846 0.451826 70.8141 
0.457438 -0.0100502 0.889185 106.261 -0.0744507 0.995993 0.0495583 4.40629 -0.88612 -0.0888703 0.454856 71.1012 
0.462499 -0.0122758 0.886535 106.786 -0.0715322 0.996128 0.0511112 4.44286 -0.883729 -0.0870546 0.45983 71.3445 
0.468559 -0.0101033 0.883374 107.306 -0.0698028 0.996385 0.0484207 4.47313 -0.88067 -0.08435 0.46616 71.5923 
0.473362 -0.00652902 0.880844 107.786 -0.0668045 0.996827 0.0432892 4.49791 -0.878331 -0.0793358 0.471424 71.8882 
0.480464 -0.00136071 0.877014 108.309 -0.0642878 0.997254 0.0367667 4.51923 -0.874655 -0.0740463 0.479057 72.1335 
0.485305 0.00349659 0.874338 108.782 -0.0618422 0.997625 0.0303362 4.54884 -0.872155 -0.0687933 0.484369 72.4503 
0.493814 0.00609811 0.869546 109.306 -0.0591695 0.997893 0.0266041 4.57983 -0.867552 -0.0645881 0.493135 72.692 
0.500189 0.00991238 0.865859 109.825 -0.0625283 0.997738 0.0246992 4.59161 -0.863655 -0.066495 0.499678 72.9703 
0.506247 0.0154935 0.862249 110.343 -0.0683616 0.997413 0.0222145 4.63291 -0.859675 -0.0701908 0.505997 73.2749 
0.511871 0.0212005 0.858801 110.856 -0.0762115 0.996874 0.0208153 4.65196 -0.855675 -0.0761052 0.511887 73.6103 
0.516365 0.0271313 0.855939 111.36 -0.0842063 0.996263 0.0192202 4.66657 -0.852218 -0.0820001 0.51672 73.979 
0.522647 0.0305084 0.852003 111.899 -0.0886629 0.995886 0.0187282 4.67932 -0.847926 -0.0853293 0.523202 74.3063 
0.52911 0.0370379 0.847744 112.442 -0.0904187 0.99582 0.0129265 4.68523 -0.843722 -0.0834915 0.530248 74.6288 
0.533991 0.0417648 0.844458 112.963 -0.0906477 0.99585 0.00806854 4.6896 -0.840617 -0.0808567 0.535561 75.0111 
0.53941 0.0449744 0.840841 113.501 -0.0901995 0.995913 0.00459534 4.69875 -0.837198 -0.0783222 0.541262 75.3892 
0.545642 0.0470543 0.836696 114.055 -0.0897145 0.995964 0.00249508 4.71248 -0.833202 -0.0764252 0.547662 75.7801 
0.551628 0.0500072 0.83259 114.621 -0.0912928 0.995824 0.00067422 4.72727 -0.829079 -0.0763814 0.55389 76.1811 
0.558734 0.056057 0.82745 115.211 -0.0946309 0.995506 -0.00354292 4.75205 -0.82393 -0.0763229 0.561528 76.5708 
0.565667 0.056935 0.822666 115.799 -0.0967395 0.995307 -0.00236487 4.75489 -0.81894 -0.0782466 0.56852 76.9922 
0.573696 0.0575896 0.817041 116.397 -0.0992609 0.995061 -0.000440081 4.74287 -0.813031 -0.0808477 0.576579 77.4167 
0.580943 0.0579384 0.811879 116.985 -0.0991226 0.995075 -8.4307e-05 4.74696 -0.807886 -0.0804266 0.583825 77.871 
0.588793 0.0627116 0.805847 117.579 -0.101171 0.994863 -0.0035004 4.76321 -0.801927 -0.0794671 0.592113 78.3294 
0.597851 0.063119 0.799118 118.211 -0.0995544 0.995024 -0.00411232 4.78631 -0.795401 -0.0770972 0.60116 78.7635 
0.604844 0.0655022 0.793646 118.829 -0.100099 0.99496 -0.00583113 4.81259 -0.790028 -0.0759162 0.608352 79.2425 
0.61147 0.0649394 0.788598 119.486 -0.099279 0.995047 -0.00496018 4.82397 -0.785014 -0.0752582 0.614889 79.6924 
0.615107 0.0635866 0.785876 120.107 -0.0989728 0.995085 -0.003048 4.82451 -0.782207 -0.0759054 0.618377 80.2091 
0.618132 0.0598278 0.783795 120.751 -0.0975067 0.995234 0.000930376 4.8173 -0.780004 -0.0770003 0.621019 80.7458 
0.621959 0.0543044 0.781164 121.388 -0.0941383 0.995543 0.00574506 4.82261 -0.77737 -0.0771106 0.624299 81.2429 
0.625813 0.0462271 0.778602 122.052 -0.0899945 0.995855 0.0132086 4.83416 -0.774764 -0.078336 0.627379 81.7798 
0.628974 0.0405577 0.776368 122.717 -0.087841 0.995951 0.0191356 4.86034 -0.772448 -0.0802328 0.62999 82.324 
0.632355 0.0371161 0.773789 123.382 -0.0874976 0.995882 0.0237355 4.88751 -0.769721 -0.0827139 0.632999 82.8548 
0.636487 0.0372935 0.770385 124.049 -0.0883588 0.99578 0.0247968 4.9172 -0.76621 -0.0838532 0.637096 83.4056 
0.639331 0.0383415 0.767976 124.713 -0.0874608 0.9959 0.0230893 4.94252 -0.763942 -0.0819294 0.640063 83.9592 
0.643028 0.0459853 0.764461 125.41 -0.0911381 0.995697 0.0167659 4.96097 -0.760401 -0.0804525 0.644452 84.5195 
0.645513 0.0530589 0.761904 126.066 -0.0957792 0.995332 0.0118329 4.98284 -0.75772 -0.0806128 0.647582 85.0909 
0.648891 0.0550929 0.758884 126.76 -0.099968 0.994902 0.0132514 5.00123 -0.754285 -0.0844628 0.651091 85.6511 
0.652394 0.0584217 0.755625 127.425 -0.106809 0.994161 0.015353 5.02028 -0.750316 -0.0907239 0.654825 86.2582 
0.656393 0.0575101 0.752224 128.104 -0.110819 0.993624 0.0207352 5.04403 -0.746235 -0.0969712 0.658581 86.8552 
0.661601 0.0543657 0.747882 128.778 -0.110796 0.993508 0.0257932 5.06646 -0.741625 -0.0999275 0.66333 87.4525 
0.666508 0.0486112 0.743911 129.452 -0.105474 0.993983 0.0295473 5.09762 -0.737999 -0.0981567 0.667625 88.0547 
0.67108 0.0381492 0.740403 130.112 -0.0938536 0.995012 0.0337983 5.13096 -0.73542 -0.0921709 0.671313 88.6608 
0.676774 0.0324109 0.735477 130.79 -0.0835189 0.995961 0.0329629 5.17104 -0.731438 -0.0837347 0.676747 89.2799 
0.682668 0.0288727 0.730158 131.444 -0.0777506 0.996417 0.0332922 5.22083 -0.726581 -0.0794978 0.682467 89.8904 
0.688895 0.0260976 0.724391 132.108 -0.0775789 0.996266 0.0378849 5.26899 -0.720698 -0.0822962 0.688347 90.5288 
0.695237 0.0221467 0.718439 132.785 -0.0763386 0.996147 0.0431659 5.30882 -0.714715 -0.0848552 0.694249 91.1626 
0.70126 0.0155764 0.712736 133.455 -0.0712519 0.996287 0.0483315 5.35378 -0.709336 -0.0846767 0.699766 91.7996 
0.70561 0.0145279 0.708452 134.113 -0.066322 0.996755 0.0456159 5.39643 -0.70549 -0.079173 0.704283 92.4522 
0.709565 0.0152931 0.704474 134.769 -0.065577 0.996859 0.0444106 5.4448 -0.701582 -0.0777095 0.708339 93.1089 
0.713194 0.012588 0.700854 135.429 -0.0641342 0.996817 0.0473596 5.5008 -0.698027 -0.0787253 0.711731 93.7757 
0.715884 0.00975235 0.698151 136.091 -0.0649636 0.996495 0.0526937 5.54698 -0.695191 -0.083077 0.714009 94.4427 
0.71788 0.00667701 0.696134 136.767 -0.0646312 0.996275 0.0570943 5.59823 -0.69316 -0.0859789 0.715638 95.124 
0.718705 0.00306166 0.695309 137.413 -0.064907 0.995919 0.0627057 5.64556 -0.692279 -0.0901973 0.71597 95.7823 
0.718726 0.00481129 0.695277 138.069 -0.0671883 0.995777 0.0625636 5.699 -0.692039 -0.0916806 0.716014 96.4589 
0.718905 0.00650215 0.695078 138.732 -0.0691395 0.995666 0.0621955 5.75313 -0.691662 -0.09277 0.716239 97.13 
0.718161 0.00876124 0.695822 139.388 -0.0698953 0.995772 0.0596013 5.80724 -0.692358 -0.091438 0.715737 97.8166 
0.717242 0.0119603 0.696721 140.06 -0.0712917 0.995866 0.056296 5.86956 -0.693167 -0.0900483 0.71513 98.5083 
0.713723 0.0141442 0.700285 140.685 -0.0719406 0.995989 0.0532044 5.93612 -0.696723 -0.0883521 0.711878 99.1862 
0.711239 0.0193206 0.702684 141.332 -0.076574 0.995803 0.0501263 5.97485 -0.698767 -0.0894592 0.709734 99.8619 
0.709244 0.0206039 0.704662 142.005 -0.0777423 0.995762 0.0491322 6.03017 -0.700664 -0.0896288 0.70784 100.535 
0.707023 0.0219301 0.70685 142.677 -0.0803148 0.995542 0.0494478 6.06443 -0.702615 -0.0917312 0.705633 101.191 
0.704214 0.0238602 0.709587 143.326 -0.0842603 0.995181 0.0501589 6.11674 -0.70497 -0.0951126 0.702831 101.857 
0.701531 0.0200974 0.712356 143.99 -0.0832055 0.995075 0.0538674 6.16527 -0.707765 -0.0970616 0.699748 102.511 
0.698319 0.0231806 0.715411 144.64 -0.0818177 0.99551 0.0476068 6.20501 -0.711095 -0.091778 0.69708 103.157 
0.695212 0.027955 0.718261 145.297 -0.079118 0.996148 0.0378087 6.2507 -0.714437 -0.0831124 0.694746 103.79 
0.691537 0.0306602 0.72169 145.961 -0.076458 0.996593 0.0309244 6.28961 -0.718283 -0.0765643 0.691526 104.427 
0.686992 0.0319616 0.725962 146.618 -0.0806929 0.996209 0.0325016 6.33385 -0.722171 -0.0809083 0.686966 105.09 
0.682923 0.0351429 0.729645 147.275 -0.0872695 0.995614 0.0337281 6.36159 -0.725259 -0.0867094 0.682994 105.718 
0.67997 0.0373577 0.732287 147.961 -0.0924766 0.995096 0.0351048 6.39362 -0.727385 -0.0915897 0.68009 106.349 
0.67556 0.0376167 0.736345 148.593 -0.0927745 0.995097 0.0342807 6.43012 -0.731445 -0.0914727 0.675737 106.976 
0.672533 0.0346771 0.739254 149.263 -0.0917726 0.995099 0.0368114 6.4552 -0.734355 -0.0926002 0.67242 107.587 
0.669639 0.0309471 0.742042 149.948 -0.0878866 0.995413 0.0377973 6.49248 -0.737468 -0.0905261 0.669287 108.196 
0.667384 0.0258359 0.744266 150.656 -0.0830306 0.995748 0.039888 6.53808 -0.740071 -0.0884175 0.666691 108.746 
0.663798 0.0232998 0.747549 151.325 -0.0792913 0.996074 0.0393621 6.57216 -0.743697 -0.0854026 0.66304 109.323 
0.659598 0.0232117 0.75126 151.993 -0.079466 0.996075 0.0389946 6.61124 -0.747406 -0.0854203 0.658854 109.921 
0.656423 0.0251634 0.753973 152.707 -0.0813685 0.995975 0.0376009 6.63996 -0.749992 -0.0860318 0.655828 110.469 
0.651951 0.0240619 0.757879 153.398 -0.0811008 0.995976 0.0381442 6.68062 -0.753911 -0.0863327 0.651279 111.053 
0.645945 0.0275364 0.762887 154.082 -0.0831124 0.995945 0.0344236 6.71061 -0.758846 -0.0856411 0.645615 111.634 
0.638635 0.0336333 0.768775 154.758 -0.0834063 0.996184 0.0257048 6.73036 -0.764977 -0.0805366 0.639003 112.236 
0.632147 0.0363729 0.773995 155.448 -0.0819821 0.99643 0.0201315 6.76072 -0.7705 -0.0761798 0.632872 112.82 
0.627048 0.0316196 0.778339 156.175 -0.0767818 0.996819 0.0213619 6.81977 -0.775187 -0.0731572 0.627481 113.382 
0.619749 0.0335548 0.784082 156.884 -0.0847049 0.996109 0.0243233 6.84767 -0.780216 -0.08149 0.62018 113.963 
0.612244 0.0384414 0.789734 157.605 -0.0960271 0.995039 0.0260105 6.88553 -0.784816 -0.0917606 0.612898 114.554 
0.604934 0.037945 0.795371 158.338 -0.101339 0.99441 0.0296348 6.90378 -0.789801 -0.0985294 0.605398 115.129 
0.596975 0.0410091 0.801211 159.074 -0.10629 0.993932 0.0283226 6.93594 -0.795188 -0.102069 0.597711 115.708 
0.589165 0.0391752 0.807063 159.837 -0.103842 0.994212 0.0275466 6.96574 -0.801312 -0.100037 0.589823 116.261 
0.582623 0.0350747 0.811985 160.629 -0.0990917 0.99468 0.0281347 6.97652 -0.806679 -0.0968529 0.582999 116.8 
0.576182 0.0336257 0.81663 161.39 -0.0899718 0.995691 0.0224818 6.99264 -0.812355 -0.0864273 0.576724 117.312 
0.568641 0.0289858 0.822075 162.15 -0.0847182 0.996128 0.0234781 7.03063 -0.818212 -0.0829953 0.568895 117.845 
0.562128 0.0230916 0.826727 162.964 -0.084481 0.995985 0.0296231 7.07533 -0.822724 -0.0864948 0.561822 118.372 
0.554034 0.0194466 0.832267 163.739 -0.0869358 0.995613 0.0346093 7.10454 -0.827942 -0.0915285 0.553294 118.887 
0.546805 0.0190874 0.837042 164.509 -0.0882089 0.99549 0.0349227 7.13642 -0.8326 -0.0929305 0.546022 119.391 
0.535868 0.0200153 0.844065 165.239 -0.0883409 0.995561 0.0324769 7.19599 -0.839667 -0.0919688 0.535257 119.959 
0.530095 0.0142055 0.847819 166.022 -0.0851131 0.995701 0.0365333 7.24918 -0.843656 -0.0915267 0.529025 120.454 
0.524699 0.00958878 0.851234 166.798 -0.086571 0.995354 0.04215 7.28024 -0.846874 -0.0958082 0.523091 120.942 
0.519028 0.00812613 0.854719 167.555 -0.0884035 0.995103 0.0442222 7.33094 -0.850173 -0.0985127 0.517204 121.434 
0.515035 0.00946345 0.857117 168.318 -0.0910609 0.994885 0.0437333 7.37231 -0.852319 -0.100574 0.513262 121.904 
0.509339 0.0103502 0.860504 169.066 -0.0896143 0.995129 0.041074 7.41474 -0.855887 -0.098034 0.507786 122.366 
0.505965 0.0109012 0.862485 169.839 -0.0883804 0.995313 0.039267 7.40334 -0.858014 -0.0960946 0.504556 122.816 
