1 0 0 0 0 1 0 0 0 0 1 0 
0.999983 0.00122976 -0.00567167 -0.0223422 -0.00122515 0.999999 0.000816655 -0.00400712 0.00567267 -0.000809693 0.999984 0.0888255 
0.999917 0.00171113 -0.0128027 -0.0335675 -0.00170566 0.999998 0.000438162 -0.000714833 0.0128034 -0.000416288 0.999918 0.182477 
0.999805 0.002133 -0.0196304 -0.0513934 -0.00213753 0.999998 -0.000209623 -0.00303243 0.0196299 0.000251542 0.999807 0.278866 
0.999582 0.00265213 -0.0287918 -0.0644369 -0.00270382 0.999995 -0.00175654 -0.00155755 0.028787 0.00183365 0.999584 0.382472 
0.999175 0.00278663 -0.040516 -0.0772327 -0.00293487 0.999989 -0.00359984 0.00119365 0.0405055 0.00371578 0.999172 0.496425 
0.998523 0.00259628 -0.0542639 -0.0916357 -0.00284743 0.999986 -0.00455151 0.00137671 0.0542513 0.0046993 0.998516 0.62358 
0.997485 0.00262504 -0.070825 -0.109374 -0.00296846 0.999984 -0.00474392 0.00335897 0.0708115 0.00494223 0.997477 0.763302 
0.996089 -0.00016335 -0.0883549 -0.159635 -0.000266709 0.999988 -0.00485558 -0.00545136 0.0883546 0.00486015 0.996077 0.909132 
0.994096 -0.00187501 -0.108491 -0.202179 0.00144729 0.999991 -0.00402104 -0.0256467 0.108498 0.00384028 0.994089 1.06826 
0.991251 -0.0024258 -0.131971 -0.228205 0.00188825 0.999989 -0.0041982 -0.0319477 0.13198 0.00391227 0.991245 1.24038 
0.987748 0.00148395 -0.156051 -0.281786 -0.00228723 0.999985 -0.00496813 -0.0396198 0.156042 0.00526418 0.987736 1.41381 
0.98324 0.00674025 -0.182192 -0.325929 -0.00798054 0.99995 -0.00607532 -0.0449007 0.182142 0.00742748 0.983244 1.59729 
0.977862 0.00959031 -0.20903 -0.396715 -0.0112319 0.999915 -0.00666781 -0.0523413 0.208949 0.00886801 0.977886 1.78084 
0.970781 0.00942529 -0.239781 -0.460208 -0.0115168 0.999907 -0.00732267 -0.0520387 0.239689 0.00987021 0.970799 1.9756 
0.962735 0.0110035 -0.270224 -0.549019 -0.0132975 0.999889 -0.00666021 -0.05775 0.270121 0.0100053 0.962774 2.16799 
0.953107 0.0116167 -0.302411 -0.642458 -0.0141651 0.99988 -0.00623501 -0.054264 0.302303 0.0102263 0.953157 2.36572 
0.941595 0.0115519 -0.336549 -0.738907 -0.0143794 0.999879 -0.00591018 -0.0503538 0.33644 0.0104044 0.941647 2.56685 
0.929219 0.0152277 -0.369216 -0.857126 -0.0179817 0.99983 -0.00401881 -0.0642632 0.369092 0.0103735 0.929335 2.75678 
0.915622 0.0183506 -0.401622 -0.989866 -0.0211773 0.999772 -0.0025996 -0.0695721 0.401482 0.0108855 0.915802 2.94647 
0.89887 0.0172514 -0.437875 -1.1094 -0.0209141 0.999775 -0.00354342 -0.0631594 0.437715 0.0123428 0.899029 3.14801 
0.879978 0.0117366 -0.474869 -1.24057 -0.0173309 0.999822 -0.00740463 -0.0571409 0.474698 0.0147458 0.880025 3.34453 
0.859754 0.00607021 -0.510672 -1.40348 -0.0135949 0.999847 -0.0110031 -0.0581493 0.510527 0.0164025 0.859705 3.52325 
0.833378 0.00546768 -0.552677 -1.5554 -0.0121662 0.99989 -0.00845332 -0.0710438 0.55257 0.0137688 0.833353 3.72303 
0.805216 0.00761283 -0.592933 -1.75244 -0.013223 0.999899 -0.00511914 -0.0828436 0.592834 0.0119624 0.805236 3.89721 
0.774796 0.00892964 -0.632149 -1.96896 -0.0165633 0.999844 -0.00617717 -0.0668619 0.631995 0.0152565 0.774822 4.05387 
0.737188 0.00701057 -0.675651 -2.16755 -0.0162828 0.99984 -0.00739143 -0.07299 0.675491 0.0164503 0.737185 4.24345 
0.69632 0.000348288 -0.717732 -2.37878 -0.0118388 0.999869 -0.0110005 -0.0801628 0.717634 0.016157 0.696233 4.43026 
0.655579 -0.00581863 -0.755104 -2.63227 -0.00859409 0.999848 -0.0151659 -0.0834154 0.755078 0.0164319 0.655429 4.57903 
0.613282 -0.00957013 -0.789806 -2.9034 -0.00595628 0.999842 -0.0167402 -0.0888849 0.789841 0.0149708 0.613128 4.71606 
0.56693 -0.0116022 -0.823684 -3.19133 -0.00367253 0.999855 -0.0166114 -0.0950999 0.823758 0.0124425 0.566805 4.84944 
0.516779 -0.0128022 -0.856023 -3.49281 -0.00243133 0.999862 -0.0164212 -0.0975124 0.856115 0.0105674 0.516677 4.97523 
0.464295 -0.0128852 -0.885587 -3.80806 -0.00112943 0.999885 -0.0151403 -0.102213 0.88568 0.00802978 0.464226 5.09499 
0.409098 -0.0167067 -0.912337 -4.14019 0.00220727 0.999848 -0.0173195 -0.109564 0.912488 0.00507159 0.409073 5.21604 
0.35373 -0.0167242 -0.935198 -4.49486 0.00421943 0.999858 -0.0162846 -0.120762 0.935338 0.00181434 0.35375 5.30639 
0.299509 -0.0167948 -0.953946 -4.87069 0.00739947 0.999856 -0.0152799 -0.133569 0.954065 -0.00248224 0.29959 5.37883 
0.24626 -0.0176728 -0.969043 -5.25849 0.00970232 0.999829 -0.0157687 -0.135309 0.969155 -0.00551878 0.246389 5.44029 
0.194975 -0.0194867 -0.980615 -5.65902 0.0106229 0.999786 -0.0177555 -0.144311 0.980751 -0.00695513 0.19514 5.49316 
0.14741 -0.0172179 -0.988926 -6.07897 0.0116155 0.99981 -0.015676 -0.170637 0.989007 -0.00917605 0.147582 5.5131 
0.105452 -0.0139238 -0.994327 -6.51534 0.0118928 0.999848 -0.0127398 -0.195439 0.994353 -0.0104819 0.105601 5.51351 
0.0681722 -0.0113084 -0.997609 -6.96539 0.0102399 0.999891 -0.0106345 -0.207401 0.997621 -0.00949043 0.0682806 5.50604 
0.0337884 -0.0108811 -0.99937 -7.42983 0.00745814 0.999916 -0.0106349 -0.215492 0.999401 -0.0070941 0.0338667 5.49564 
0.00316828 -0.0102755 -0.999942 -7.90637 0.00454629 0.999937 -0.010261 -0.227388 0.999985 -0.00451351 0.0032148 5.46745 
-0.0234762 -0.00872966 -0.999686 -8.40038 0.00236811 0.999959 -0.00878765 -0.233141 0.999722 -0.00257367 -0.0234546 5.42902 
-0.045731 -0.00806824 -0.998921 -8.90926 -7.19224e-05 0.999967 -0.00807339 -0.23409 0.998954 -0.00029736 -0.0457301 5.3909 
-0.0618563 -0.00786905 -0.998054 -9.43624 -0.0010107 0.999969 -0.00782151 -0.234652 0.998085 0.000524921 -0.0618623 5.33847 
-0.0749547 -0.00870598 -0.997149 -9.97908 -0.000428915 0.999962 -0.0086983 -0.244105 0.997187 -0.000224287 -0.0749556 5.28802 
-0.0842501 -0.00633088 -0.996425 -10.5341 0.00110523 0.999979 -0.00644691 -0.255882 0.996444 -0.00164443 -0.0842413 5.22063 
-0.0911026 -0.00525613 -0.995828 -11.1067 0.00242314 0.999982 -0.00549974 -0.261665 0.995839 -0.00291407 -0.0910883 5.14807 
-0.095911 -0.00617472 -0.995371 -11.6928 0.00273348 0.999975 -0.00646668 -0.257202 0.995386 -0.00334106 -0.0958918 5.07989 
-0.0973277 -0.00863795 -0.995215 -12.2981 0.00304616 0.999955 -0.008977 -0.261188 0.995248 -0.0039053 -0.097297 5.02417 
-0.0961804 -0.0120244 -0.995291 -12.9169 0.00480166 0.99991 -0.0125442 -0.273432 0.995352 -0.00598556 -0.096114 4.94859 
-0.0944132 -0.0105891 -0.995477 -13.5515 0.00766969 0.999906 -0.0113637 -0.29897 0.995504 -0.00870787 -0.0943232 4.87521 
-0.0924946 -0.00881069 -0.995674 -14.2018 0.00805339 0.999922 -0.00959641 -0.321198 0.995681 -0.00890617 -0.0924164 4.79922 
-0.0905771 -0.00774506 -0.995859 -14.8612 0.00563003 0.99995 -0.00828894 -0.337789 0.995874 -0.00635751 -0.0905289 4.71059 
-0.0895825 -0.00811925 -0.995946 -15.544 0.00535258 0.999948 -0.00863333 -0.340438 0.995965 -0.00610428 -0.0895344 4.67332 
-0.0877655 -0.00817904 -0.996108 -16.2414 0.00834432 0.999925 -0.00894559 -0.349955 0.996106 -0.00909696 -0.0876907 4.60677 
-0.0843119 -0.00685279 -0.996416 -16.9537 0.0122047 0.999894 -0.00790941 -0.364866 0.996365 -0.0128278 -0.0842193 4.52427 
-0.0846768 -0.00736365 -0.996381 -17.685 0.0140846 0.999864 -0.00858636 -0.379401 0.996309 -0.0147607 -0.0845616 4.50267 
-0.0825797 -0.0055101 -0.996569 -18.4235 0.0138964 0.999881 -0.00667993 -0.399399 0.996488 -0.0144004 -0.0824933 4.43387 
-0.0805007 -0.00281224 -0.996751 -19.1741 0.0111277 0.999931 -0.00371991 -0.408626 0.996692 -0.0113909 -0.0804638 4.34632 
-0.0791408 -0.00224159 -0.996861 -19.9394 0.0105204 0.99994 -0.00308373 -0.417097 0.996808 -0.0107314 -0.0791124 4.29107 
-0.0774426 -0.0044081 -0.996987 -20.7234 0.0122511 0.999911 -0.00537264 -0.414836 0.996922 -0.0126302 -0.0773816 4.21711 
-0.0766548 -0.00684309 -0.997034 -21.5153 0.0140087 0.99987 -0.00793959 -0.430802 0.996959 -0.0145758 -0.076549 4.16315 
-0.075011 -0.00746421 -0.997155 -22.3133 0.0152919 0.999846 -0.00863468 -0.447772 0.997065 -0.015896 -0.0748853 4.0802 
-0.0736065 -0.00698003 -0.997263 -23.1088 0.0108109 0.999911 -0.0077965 -0.470009 0.997229 -0.0113552 -0.0735245 3.97494 
-0.0720125 -0.00779678 -0.997373 -23.9119 0.00337578 0.999962 -0.00806075 -0.48803 0.997398 -0.00394739 -0.0719834 3.88942 
-0.0730313 -0.0111484 -0.997267 -24.7304 -0.00147727 0.999938 -0.01107 -0.502762 0.997329 0.000664778 -0.0730432 3.8115 
-0.0739255 -0.0119549 -0.997192 -25.5614 -0.000873651 0.999929 -0.011923 -0.513831 0.997263 -1.02153e-05 -0.0739307 3.77403 
-0.0743779 -0.012104 -0.997157 -26.4046 0.00642544 0.9999 -0.0126166 -0.532391 0.997209 -0.00734556 -0.0742926 3.71651 
-0.0745697 -0.0102652 -0.997163 -27.2507 0.0136101 0.999843 -0.0113106 -0.554164 0.997123 -0.0144149 -0.0744184 3.64523 
-0.0726929 -0.00783186 -0.997324 -28.0954 0.0184363 0.999788 -0.009195 -0.575402 0.997184 -0.0190554 -0.0725331 3.56475 
-0.0723749 -0.00589615 -0.99736 -28.9393 0.019037 0.999792 -0.00729198 -0.601986 0.997196 -0.0195145 -0.0722476 3.48146 
-0.0722274 -0.00649663 -0.997367 -29.7801 0.0154155 0.999852 -0.00762917 -0.622424 0.997269 -0.0159259 -0.0721166 3.42392 
-0.0725913 -0.00622667 -0.997342 -30.6176 0.0127901 0.999892 -0.00717351 -0.638243 0.99728 -0.0132768 -0.0725039 3.35566 
-0.0729387 -0.00535728 -0.997322 -31.4609 0.0139986 0.999882 -0.00639482 -0.653909 0.997238 -0.0144276 -0.0728551 3.30324 
-0.0726143 -0.00428796 -0.997351 -32.2997 0.0164476 0.99985 -0.00549621 -0.673881 0.997224 -0.0168031 -0.0725329 3.23341 
-0.0729325 -0.00444648 -0.997327 -33.1418 0.0150085 0.999872 -0.00555537 -0.705435 0.997224 -0.0153736 -0.0728565 3.1826 
-0.0712475 -0.00375514 -0.997452 -33.9718 0.00988023 0.999941 -0.00447026 -0.722893 0.99741 -0.0101735 -0.0712062 3.09916 
-0.0711934 -0.00204051 -0.99746 -34.8075 0.00586114 0.99998 -0.002464 -0.735271 0.997445 -0.00602168 -0.07118 3.05562 
-0.0704913 -0.0015619 -0.997511 -35.6448 0.00654932 0.999976 -0.00202858 -0.746939 0.997491 -0.00667602 -0.0704794 2.99803 
-0.0702827 -0.00249792 -0.997524 -36.4831 0.00908133 0.999954 -0.00314385 -0.763423 0.997486 -0.00927981 -0.0702568 2.95073 
-0.0694505 -0.00252799 -0.997582 -37.3248 0.0141773 0.999893 -0.00352085 -0.787594 0.997485 -0.0143875 -0.0694072 2.9077 
-0.0680562 -0.00344158 -0.997676 -38.1649 0.019935 0.99979 -0.00480874 -0.810217 0.997482 -0.020216 -0.0679733 2.83002 
-0.0685454 -0.00333327 -0.997642 -39.0011 0.0228415 0.999727 -0.00490961 -0.826311 0.997386 -0.0231242 -0.0684505 2.78802 
-0.0685575 -0.00479587 -0.997636 -39.8352 0.0221054 0.999736 -0.00632505 -0.832062 0.997402 -0.0224868 -0.0684334 2.74256 
-0.0687452 -0.00563436 -0.997618 -40.6662 0.0176325 0.999821 -0.00686184 -0.85573 0.997478 -0.0180622 -0.0686335 2.68888 
-0.0686994 -0.00499147 -0.997625 -41.4936 0.0140942 0.999883 -0.00597333 -0.893483 0.997538 -0.0144711 -0.068621 2.64128 
-0.0693512 -0.00115534 -0.997592 -42.3225 0.0122121 0.999923 -0.00200701 -0.924161 0.997518 -0.0123219 -0.0693318 2.606 
-0.0692936 0.00153332 -0.997595 -43.147 0.0108874 0.99994 0.000780681 -0.939397 0.997537 -0.0108071 -0.0693062 2.51527 
-0.0703013 -0.000412278 -0.997526 -43.9718 0.00877033 0.999961 -0.00103138 -0.958756 0.997487 -0.00882114 -0.070295 2.46518 
-0.0692834 -0.00366681 -0.99759 -44.7919 0.00540344 0.999977 -0.00405085 -0.987278 0.997582 -0.00567107 -0.069262 2.37013 
-0.069664 -0.00792803 -0.997539 -45.6141 0.00243655 0.999964 -0.00811747 -0.987877 0.997568 -0.00299604 -0.0696422 2.30223 
-0.0715369 -0.00822897 -0.997404 -46.4359 0.00609524 0.999944 -0.00868709 -1.01343 0.997419 -0.00670087 -0.0714827 2.23397 
-0.0744754 -0.0122673 -0.997147 -47.2601 0.0102176 0.999862 -0.0130638 -1.01484 0.997171 -0.0111614 -0.0743398 2.16584 
-0.0769326 -0.0140907 -0.996937 -48.0771 0.0135429 0.999793 -0.0151762 -1.04282 0.996944 -0.014669 -0.0767259 2.11838 
-0.0780962 -0.0133784 -0.996856 -48.8867 0.0127179 0.999815 -0.0144144 -1.07576 0.996865 -0.0138036 -0.0779116 2.05153 
-0.0797169 -0.0118043 -0.996748 -49.6894 0.00951451 0.999875 -0.0126023 -1.10938 0.996772 -0.0104882 -0.0795947 1.98214 
-0.0802908 -0.00730542 -0.996745 -50.4845 0.00641986 0.999949 -0.00784605 -1.13342 0.996751 -0.00702893 -0.0802398 1.88702 
-0.0813465 -0.00305859 -0.996681 -51.2816 0.00579539 0.999977 -0.00354171 -1.15731 0.996669 -0.00606426 -0.0813269 1.81394 
-0.0826233 -0.00179575 -0.996579 -52.0759 0.00725825 0.999971 -0.00240362 -1.17996 0.996554 -0.00743201 -0.0826078 1.73771 
-0.0853662 -0.00354635 -0.996343 -52.8711 0.00882089 0.999952 -0.00431497 -1.19892 0.996311 -0.00915699 -0.0853308 1.68963 
-0.0865516 -0.00220325 -0.996245 -53.6578 0.00888195 0.999956 -0.0029831 -1.22428 0.996208 -0.00910679 -0.0865283 1.6203 
-0.0869908 -0.000858916 -0.996209 -54.4403 0.00887581 0.999959 -0.0016372 -1.24208 0.99617 -0.00898458 -0.0869796 1.54829 
-0.087314 -0.00253164 -0.996178 -55.2182 0.0104133 0.99994 -0.00345392 -1.25603 0.996126 -0.0106751 -0.0872824 1.46382 
-0.0878544 -0.00343509 -0.996127 -55.9944 0.0130175 0.999905 -0.00459621 -1.2657 0.996048 -0.0133708 -0.0878013 1.40333 
-0.0882144 -0.00433233 -0.996092 -56.7676 0.0171293 0.999836 -0.00586559 -1.28581 0.995954 -0.0175798 -0.0881257 1.3315 
-0.0886263 -0.00389511 -0.996057 -57.5309 0.0192403 0.999799 -0.00562169 -1.3124 0.995879 -0.0196627 -0.0885336 1.25362 
-0.0892836 -0.00420265 -0.995997 -58.2866 0.0192664 0.999797 -0.00594577 -1.33393 0.99582 -0.0197201 -0.0891845 1.18094 
-0.0901016 -0.00636688 -0.995912 -59.0351 0.0169223 0.999825 -0.00792289 -1.34728 0.995789 -0.017567 -0.0899782 1.1222 
-0.090239 -0.00652376 -0.995899 -59.7683 0.0133261 0.999881 -0.00775733 -1.36958 0.995831 -0.0139715 -0.0901414 1.05567 
-0.089479 -0.00649394 -0.995968 -60.4945 0.00976474 0.999925 -0.00739702 -1.38014 0.995941 -0.0103872 -0.0894088 0.982071 
-0.0890097 -0.00547782 -0.996016 -61.2037 0.00845389 0.999945 -0.00625492 -1.40946 0.995995 -0.00897696 -0.0889584 0.9212 
-0.0869645 -0.00344715 -0.996205 -61.8993 0.00798742 0.999959 -0.00415741 -1.42618 0.996179 -0.00831866 -0.0869335 0.86268 
-0.0823918 -0.00290957 -0.996596 -62.5803 0.010323 0.99994 -0.00377277 -1.4586 0.996547 -0.0105987 -0.0823568 0.82704 
-0.0762381 -0.00388075 -0.997082 -63.2444 0.011971 0.999917 -0.0048071 -1.47887 0.997018 -0.0123025 -0.0761853 0.764296 
-0.0696626 -0.00496431 -0.997558 -63.8948 0.0135844 0.99989 -0.00592456 -1.50293 0.997478 -0.013964 -0.0695876 0.731872 
-0.0610701 -0.00332264 -0.998128 -64.5301 0.0149956 0.999879 -0.00424597 -1.53012 0.998021 -0.0152268 -0.0610129 0.705887 
-0.0499347 -0.00178697 -0.998751 -65.1498 0.0166281 0.999858 -0.00262032 -1.54121 0.998614 -0.0167382 -0.0498979 0.677325 
-0.0353068 -0.000248343 -0.999376 -65.7514 0.0184827 0.999829 -0.000901426 -1.55447 0.999206 -0.018503 -0.0352961 0.692156 
-0.0167863 0.000424522 -0.999859 -66.3357 0.019631 0.999807 9.4921e-05 -1.56349 0.999666 -0.0196266 -0.0167914 0.686505 
0.00639776 0.000122276 -0.99998 -66.897 0.0203243 0.999793 0.000252286 -1.57454 0.999773 -0.0203255 0.00639395 0.679192 
0.0324533 -0.0028461 -0.999469 -67.4363 0.0216213 0.999764 -0.00214489 -1.60231 0.999239 -0.0215402 0.0325072 0.702432 
0.0630774 -0.00599365 -0.997991 -67.9525 0.0204873 0.999779 -0.00470951 -1.59402 0.997798 -0.0201491 0.0631862 0.714151 
0.0980149 -0.00881028 -0.995146 -68.4455 0.0210377 0.999756 -0.00677902 -1.6062 0.994963 -0.0202712 0.0981763 0.77354 
0.136155 -0.0110318 -0.990626 -68.9198 0.0215442 0.999734 -0.00817213 -1.61922 0.990453 -0.0202296 0.136356 0.847849 
0.174389 -0.0145563 -0.984569 -69.36 0.021782 0.999703 -0.010922 -1.61691 0.984436 -0.0195412 0.174654 0.988103 
0.218566 -0.0186037 -0.975645 -69.799 0.0242447 0.999613 -0.0136294 -1.64366 0.975521 -0.0206753 0.218933 1.13456 
0.269033 -0.0251319 -0.962803 -70.2306 0.0260103 0.999484 -0.0188214 -1.676 0.96278 -0.0199792 0.269548 1.25419 
0.319842 -0.0350121 -0.946824 -70.6496 0.0265524 0.999256 -0.0279814 -1.69282 0.947099 -0.0161908 0.320533 1.42033 
0.370976 -0.0409992 -0.927737 -71.0388 0.0244033 0.99911 -0.0343952 -1.69175 0.928322 -0.00988009 0.371646 1.621 
0.422376 -0.0487136 -0.905111 -71.4189 0.0252045 0.9988 -0.0419942 -1.70697 0.90607 -0.00507561 0.423096 1.85285 
0.473616 -0.0511163 -0.879247 -71.789 0.0267426 0.998689 -0.043655 -1.73177 0.880325 -0.00283769 0.474362 2.08038 
0.519502 -0.0552514 -0.852681 -72.1181 0.0292573 0.998472 -0.046873 -1.75755 0.853968 -0.000596565 0.520325 2.3731 
0.562755 -0.0633946 -0.824189 -72.4432 0.0335336 0.997985 -0.0538658 -1.77283 0.825943 0.0026752 0.563747 2.66929 
0.606459 -0.0759863 -0.791475 -72.7499 0.0402409 0.997081 -0.0648915 -1.78477 0.794096 0.00750436 0.607746 2.97049 
0.646557 -0.0785772 -0.758808 -73.0232 0.0392183 0.996789 -0.0698043 -1.82075 0.761857 0.0153733 0.647563 3.29745 
0.686351 -0.0755064 -0.72334 -73.2799 0.0320339 0.996769 -0.0736527 -1.86072 0.726565 0.0273802 0.686552 3.62378 
0.726699 -0.0704904 -0.683329 -73.548 0.0214103 0.996562 -0.0800335 -1.89842 0.686622 0.04353 0.72571 3.96005 
0.766104 -0.06304 -0.639618 -73.8128 0.0118803 0.996397 -0.0839741 -1.9357 0.642607 0.0567341 0.764093 4.30705 
0.802212 -0.0581509 -0.5942 -74.039 0.00851723 0.996259 -0.0859991 -1.97561 0.596978 0.0639286 0.799706 4.71025 
0.836166 -0.0546701 -0.545744 -74.2761 0.0072963 0.996041 -0.0885996 -2.0086 0.548427 0.0701021 0.833255 5.12619 
0.867885 -0.0447831 -0.494742 -74.5313 0.00107979 0.996096 -0.0882706 -2.04828 0.496764 0.0760745 0.864545 5.53864 
0.89255 -0.0403464 -0.449139 -74.664 0.00130297 0.996216 -0.0869013 -2.11258 0.450946 0.0769786 0.889226 6.02956 
0.913715 -0.0298144 -0.405262 -74.8652 -0.00450016 0.996501 -0.0834571 -2.1641 0.406332 0.0780797 0.910383 6.51045 
0.931401 -0.0202205 -0.363433 -75.0664 -0.0104318 0.996563 -0.0821806 -2.21925 0.363846 0.0803344 0.927989 7.00995 
0.944377 -0.0136283 -0.328581 -75.2189 -0.0130968 0.99679 -0.0789847 -2.2785 0.328603 0.0788947 0.941167 7.54726 
0.953854 -0.0125492 -0.300008 -75.3586 -0.0111104 0.996967 -0.0770275 -2.33365 0.300064 0.0768062 0.950822 8.10402 
0.961319 -0.010505 -0.275238 -75.5263 -0.010784 0.997071 -0.0757204 -2.37939 0.275227 0.0757596 0.95839 8.67306 
0.967063 -0.00915693 -0.254373 -75.6519 -0.00991745 0.997238 -0.0736024 -2.43346 0.254344 0.0737008 0.964301 9.26836 
0.971396 -0.0042687 -0.237428 -75.7711 -0.0127701 0.997453 -0.0701797 -2.49517 0.237123 0.0712042 0.968867 9.88258 
0.974972 0.00169094 -0.222322 -75.9134 -0.0171334 0.997569 -0.0675497 -2.55001 0.221667 0.0696682 0.97263 10.5058 
0.977839 0.00693093 -0.209245 -76.0447 -0.020977 0.997666 -0.0649832 -2.61482 0.208306 0.0679324 0.975702 11.1466 
0.980546 0.00571488 -0.196208 -76.1686 -0.0189816 0.997652 -0.0658021 -2.65813 0.195371 0.0682463 0.978352 11.8044 
0.983119 0.00582381 -0.182873 -76.2704 -0.0181781 0.997657 -0.0659535 -2.71031 0.18206 0.0681645 0.980922 12.4808 
0.985993 0.00949428 -0.166515 -76.4105 -0.0204786 0.997716 -0.0643736 -2.77593 0.165524 0.066882 0.983935 13.1648 
0.988199 0.0121784 -0.152693 -76.5154 -0.0220697 0.997754 -0.0632519 -2.83556 0.15158 0.0658753 0.986247 13.8716 
0.98977 0.0164116 -0.141726 -76.5543 -0.0257918 0.997578 -0.0646037 -2.92304 0.140323 0.0675982 0.987796 14.5898 
0.99125 0.0202583 -0.130431 -76.6639 -0.0294777 0.997171 -0.069146 -2.99296 0.128661 0.0723858 0.989043 15.3166 
0.992446 0.0207648 -0.120912 -76.7664 -0.0299111 0.996785 -0.0743276 -3.05987 0.11898 0.0773827 0.989877 16.0532 
0.993436 0.0212173 -0.112408 -76.8695 -0.0297949 0.996724 -0.0751869 -3.10493 0.110445 0.0780425 0.990813 16.8077 
0.993978 0.02278 -0.107187 -76.9105 -0.0302415 0.997192 -0.0685104 -3.17814 0.105325 0.0713393 0.991876 17.5789 
0.994376 0.0272588 -0.102336 -76.9967 -0.0334862 0.997658 -0.0596359 -3.24887 0.100471 0.0627274 0.992961 18.3502 
0.994813 0.028013 -0.0977917 -77.1022 -0.0335682 0.997887 -0.0556309 -3.30609 0.0960267 0.058625 0.993651 19.1184 
0.995091 0.0273826 -0.0950986 -77.161 -0.032853 0.997865 -0.0564425 -3.37094 0.09335 0.0592897 0.993866 19.8827 
0.995419 0.0273696 -0.0916082 -77.2855 -0.032715 0.997817 -0.0573665 -3.41664 0.0898382 0.0601006 0.994141 20.6415 
0.995653 0.0268259 -0.0891914 -77.327 -0.0317937 0.997994 -0.0547518 -3.48806 0.0875436 0.0573496 0.994508 21.4105 
0.995952 0.0257613 -0.0861138 -77.4223 -0.0303569 0.99816 -0.0524904 -3.5369 0.0846031 0.0548921 0.994902 22.1758 
0.996241 0.0245387 -0.0830781 -77.4853 -0.0288971 0.998246 -0.051672 -3.58556 0.0816644 0.0538785 0.995203 22.9449 
0.996346 0.0251055 -0.0816329 -77.5284 -0.0296229 0.998069 -0.0546054 -3.65128 0.0801043 0.0568241 0.995165 23.7058 
0.996445 0.0291775 -0.0790354 -77.613 -0.0340592 0.997548 -0.0611398 -3.71553 0.0770577 0.0636144 0.994995 24.461 
0.996617 0.0315264 -0.0758946 -77.6948 -0.0367602 0.996968 -0.0685822 -3.78473 0.0735024 0.0711401 0.994754 25.2156 
0.996782 0.0307779 -0.0740156 -77.7902 -0.0361794 0.996691 -0.0727818 -3.84005 0.0715306 0.0752254 0.994598 25.9663 
0.996752 0.0318144 -0.0739846 -77.8199 -0.0370133 0.99686 -0.0699956 -3.91663 0.0715254 0.0725067 0.9948 26.7313 
0.996838 0.034622 -0.0715246 -77.9025 -0.0393293 0.997078 -0.0654897 -3.9811 0.0690482 0.0680956 0.995287 27.4858 
0.996827 0.0379172 -0.069988 -77.9594 -0.0421443 0.997312 -0.0599434 -4.04767 0.0675269 0.0627028 0.995745 28.242 
0.997169 0.0346779 -0.066726 -78.0035 -0.0385044 0.997635 -0.0569427 -4.10794 0.0645935 0.0593507 0.996145 28.9929 
0.997456 0.0303158 -0.064511 -78.0422 -0.033941 0.997861 -0.0558631 -4.16652 0.0626795 0.0579106 0.996352 29.7398 
0.997629 0.0282331 -0.0627601 -78.0844 -0.0316852 0.998 -0.0547075 -4.23623 0.06109 0.0565663 0.996528 30.4891 
0.997648 0.0288324 -0.0621867 -78.125 -0.0323963 0.997844 -0.0570844 -4.28347 0.0604067 0.0589648 0.996431 31.2409 
0.997768 0.0274785 -0.0608639 -78.1719 -0.0310146 0.997838 -0.0579369 -4.34597 0.0591403 0.0596952 0.996463 31.9939 
0.997814 0.0270037 -0.0603102 -78.2221 -0.0305195 0.997841 -0.0581566 -4.39551 0.0586095 0.0598701 0.996484 32.755 
0.997796 0.0311667 -0.0585775 -78.2996 -0.0345244 0.997765 -0.0572113 -4.44718 0.0566635 0.0591075 0.996642 33.5179 
0.997796 0.0315432 -0.0583876 -78.3477 -0.0349418 0.997697 -0.0581318 -4.50284 0.0564195 0.0600438 0.9966 34.2864 
0.997718 0.0313299 -0.0598144 -78.4003 -0.0348674 0.997646 -0.0590431 -4.54631 0.0578238 0.060994 0.996462 35.0614 
0.997682 0.0295754 -0.0612828 -78.4592 -0.033189 0.997717 -0.058811 -4.60472 0.0594036 0.0607086 0.996386 35.8434 
0.99749 0.030634 -0.0638353 -78.5516 -0.0344193 0.99766 -0.0590668 -4.65549 0.0618765 0.0611157 0.996211 36.6246 
0.997207 0.0357999 -0.0655411 -78.6372 -0.0397045 0.997452 -0.0592746 -4.73107 0.063252 0.0617114 0.996088 37.4152 
0.997163 0.0343106 -0.0669914 -78.7378 -0.0386518 0.997161 -0.0646204 -4.76727 0.0645841 0.0670264 0.995659 38.2048 
0.996971 0.0355454 -0.0691808 -78.8086 -0.0402873 0.996844 -0.0684013 -4.82177 0.0665311 0.0709812 0.995256 39.0003 
0.996966 0.0337889 -0.0701202 -78.8862 -0.0386865 0.996817 -0.069706 -4.89297 0.0675418 0.0722073 0.9951 39.8067 
0.996777 0.0321561 -0.073491 -78.9375 -0.0372324 0.996937 -0.0687806 -4.94629 0.0710542 0.0712952 0.994921 40.6248 
0.996661 0.0302161 -0.0758541 -78.9917 -0.0353964 0.997064 -0.0679037 -5.01842 0.0735796 0.070362 0.994804 41.4529 
0.996512 0.0300116 -0.0778609 -79.0262 -0.0352621 0.997132 -0.0669599 -5.07983 0.0756281 0.0694719 0.994713 42.2885 
0.996502 0.023813 -0.0800997 -79.0919 -0.0290619 0.997461 -0.0650154 -5.10768 0.0783481 0.0671159 0.994664 43.132 
0.996455 0.0230792 -0.0808967 -79.1492 -0.0279997 0.997792 -0.0602276 -5.17433 0.079328 0.0622792 0.994901 43.9811 
0.996414 0.0215008 -0.0818373 -79.1922 -0.0262633 0.997996 -0.0575706 -5.23924 0.0804354 0.0595135 0.994982 44.8348 
0.996483 0.0238987 -0.0803136 -79.2498 -0.028535 0.997961 -0.0570846 -5.3021 0.0787856 0.0591755 0.995134 45.6937 
0.996609 0.0251268 -0.07835 -79.3428 -0.029761 0.997841 -0.0585522 -5.36305 0.0767096 0.0606855 0.995205 46.5502 
0.996792 0.0221927 -0.0768934 -79.4065 -0.0269162 0.997778 -0.0609481 -5.41879 0.0753699 0.0628222 0.995175 47.4124 
0.996975 0.0193518 -0.0752689 -79.4352 -0.024164 0.997686 -0.0635572 -5.4665 0.0738648 0.0651838 0.995136 48.2816 
0.997119 0.0160199 -0.0741389 -79.4757 -0.0206924 0.997818 -0.0626912 -5.54307 0.0729729 0.0640447 0.995275 49.1501 
0.997232 0.0130596 -0.073191 -79.5263 -0.017516 0.99801 -0.0605803 -5.61276 0.0722542 0.0616947 0.995476 50.0253 
0.997391 0.00893856 -0.071631 -79.6229 -0.0130996 0.99824 -0.0578321 -5.67802 0.070988 0.0586196 0.995753 50.8971 
0.997541 0.00689865 -0.0697408 -79.6886 -0.0109171 0.998291 -0.057404 -5.74522 0.0692256 0.0580242 0.995912 51.7676 
0.997634 0.00912939 -0.0681442 -79.7618 -0.0132358 0.998107 -0.0600546 -5.82677 0.067467 0.0608144 0.995866 52.6306 
0.997568 0.011223 -0.0687865 -79.7914 -0.0156907 0.997778 -0.0647585 -5.89923 0.0679069 0.0656804 0.995527 53.4882 
0.997599 0.0137028 -0.0678872 -79.8542 -0.0183883 0.997455 -0.0688828 -5.98313 0.0667705 0.0699658 0.995312 54.3433 
0.997557 0.0194854 -0.0670813 -79.9339 -0.0244622 0.996944 -0.0741866 -6.06846 0.0654308 0.0756463 0.994986 55.1907 
0.99759 0.0183884 -0.0669081 -79.9531 -0.0234277 0.996883 -0.0753294 -6.13822 0.0653144 0.0767153 0.994911 56.0438 
0.997762 0.0159328 -0.0649386 -80.0332 -0.0204209 0.997404 -0.0690462 -6.21837 0.0636699 0.0702178 0.995498 56.8903 
0.99777 0.0125169 -0.0655673 -80.1021 -0.016457 0.998069 -0.0599024 -6.28735 0.0646909 0.0608479 0.996049 57.7437 
0.997838 0.0101848 -0.0649212 -80.2032 -0.0135743 0.998556 -0.0519841 -6.36165 0.064298 0.052753 0.996535 58.5882 
0.997678 0.00779274 -0.0676584 -80.2643 -0.0115289 0.998419 -0.0550076 -6.41156 0.0671228 0.0556599 0.996191 59.422 
0.997646 0.0037685 -0.0684757 -80.3249 -0.00775808 0.998281 -0.0580906 -6.48119 0.0681391 0.0584851 0.99596 60.2486 
0.997292 0.000675666 -0.0735406 -80.3466 -0.00517362 0.998125 -0.0609896 -6.5241 0.0733615 0.0612049 0.995426 61.0795 
0.997148 0.00365607 -0.0753876 -80.4477 -0.00841707 0.997982 -0.0629329 -6.60105 0.0750054 0.063388 0.995166 61.8965 
0.996939 0.00441711 -0.0780567 -80.5367 -0.0095432 0.997812 -0.0654209 -6.67478 0.077597 0.0659656 0.9948 62.7101 
0.996644 0.00624934 -0.0816214 -80.6053 -0.0119069 0.997545 -0.0690126 -6.73892 0.0809897 0.0697529 0.994271 63.5223 
0.996283 0.00794802 -0.0857781 -80.6631 -0.0141074 0.997345 -0.0714411 -6.82414 0.0849825 0.0723856 0.99375 64.3281 
0.996091 0.0132356 -0.0873391 -80.8042 -0.0194759 0.997287 -0.0709894 -6.89817 0.0861625 0.0724129 0.993646 65.1258 
0.995784 0.0161429 -0.0903027 -80.915 -0.0224328 0.997359 -0.0690784 -6.97146 0.088949 0.0708128 0.993516 65.9271 
0.995406 0.0194693 -0.0937397 -81.0332 -0.0254052 0.997718 -0.0625525 -7.05455 0.092308 0.0646466 0.99363 66.7256 
0.994976 0.0183759 -0.0984177 -81.1153 -0.0240865 0.998075 -0.0571542 -7.12332 0.097178 0.0592376 0.993503 67.5279 
0.994312 0.0175197 -0.105056 -81.1681 -0.0233685 0.998229 -0.0547031 -7.17771 0.103911 0.056847 0.992961 68.326 
0.993447 0.0133522 -0.113515 -81.2274 -0.0195702 0.998358 -0.0538403 -7.22318 0.112609 0.0557089 0.992076 69.1172 
0.99271 0.0116253 -0.119967 -81.2982 -0.0178788 0.998529 -0.0511834 -7.28384 0.119196 0.0529551 0.991458 69.9086 
0.991907 0.0122289 -0.126372 -81.3955 -0.0188485 0.998504 -0.0513193 -7.34167 0.125556 0.0532859 0.990654 70.6883 
0.991177 0.0165727 -0.131502 -81.5392 -0.0234847 0.998413 -0.0511869 -7.41461 0.130445 0.0538236 0.989994 71.4526 
0.989959 0.0195172 -0.140004 -81.6364 -0.0276317 0.998034 -0.0562512 -7.45942 0.138631 0.0595549 0.988552 72.2224 
0.989137 0.0184845 -0.145833 -81.7463 -0.0273767 0.99787 -0.0592057 -7.51436 0.144428 0.0625549 0.987536 72.9845 
0.988202 0.0195134 -0.151909 -81.8753 -0.0288892 0.997795 -0.0597592 -7.5777 0.150408 0.0634427 0.986586 73.7445 
0.987554 0.0212113 -0.155841 -82.03 -0.030037 0.998062 -0.0544975 -7.63789 0.154383 0.0585003 0.986278 74.4977 
0.986532 0.0195681 -0.162396 -82.1759 -0.0281044 0.998332 -0.0504346 -7.69081 0.161138 0.0543194 0.985436 75.2522 
0.985395 0.0183433 -0.169292 -82.2947 -0.0269729 0.998444 -0.0488159 -7.74516 0.168134 0.0526692 0.984356 76.005 
0.984596 0.0152598 -0.17418 -82.4542 -0.0248185 0.998295 -0.0528327 -7.78888 0.173077 0.0563417 0.983296 76.7426 
0.982727 0.0135793 -0.184561 -82.5716 -0.0253113 0.997795 -0.0613604 -7.82642 0.183321 0.064972 0.980904 77.4839 
0.981129 0.0110987 -0.193036 -82.7344 -0.0238251 0.997683 -0.063732 -7.8816 0.191881 0.0671284 0.97912 78.2172 
0.978968 0.00977748 -0.203777 -82.8959 -0.0226805 0.997875 -0.0610805 -7.94555 0.202747 0.0644176 0.97711 78.954 
0.976616 0.00784463 -0.214846 -83.0489 -0.0203046 0.998233 -0.0558496 -7.99205 0.214028 0.0589061 0.97505 79.6929 
0.973423 0.00676317 -0.228915 -83.1967 -0.0186142 0.998593 -0.0496511 -8.02835 0.228257 0.0525926 0.972179 80.4368 
0.970865 0.00730198 -0.239514 -83.386 -0.0189989 0.998735 -0.0465634 -8.08622 0.238871 0.0497573 0.969776 81.1626 
0.968085 0.0115943 -0.250353 -83.599 -0.0247439 0.998471 -0.0494408 -8.15859 0.249397 0.0540576 0.966891 81.8677 
0.964912 0.0121515 -0.26229 -83.8116 -0.0283986 0.997898 -0.0582418 -8.21215 0.261032 0.0636469 0.96323 82.5666 
0.96159 0.00577217 -0.274428 -84.0401 -0.0243942 0.99762 -0.0644932 -8.242 0.273403 0.0687105 0.959442 83.2673 
0.958148 0.00206028 -0.286266 -84.2654 -0.0205013 0.9979 -0.061437 -8.28212 0.285538 0.0647346 0.956178 83.9831 
0.954539 0.00431424 -0.298055 -84.4245 -0.0211484 0.998356 -0.0532784 -8.35075 0.297335 0.0571597 0.953061 84.7196 
0.950594 -0.00181514 -0.310432 -84.6582 -0.0144088 0.998647 -0.0499614 -8.37994 0.310103 0.051966 0.949282 85.4382 
0.946252 -0.0134041 -0.323153 -84.9106 -0.00496824 0.998421 -0.0559616 -8.38726 0.323393 0.0545592 0.944691 86.1418 
0.942425 -0.0128119 -0.334173 -85.1618 -0.00775106 0.998161 -0.0601279 -8.45413 0.334329 0.0592562 0.940592 86.841 
0.938785 -0.0154842 -0.344156 -85.3858 -0.00833351 0.997676 -0.0676194 -8.50203 0.344404 0.066348 0.936474 87.5519 
0.935443 -0.0163018 -0.3531 -85.6242 -0.0103378 0.997247 -0.0734278 -8.56707 0.353325 0.0723379 0.9327 88.2569 
0.933607 -0.0150845 -0.357982 -85.9442 -0.0126459 0.997104 -0.0749959 -8.63728 0.358076 0.0745437 0.930712 88.9346 
0.93041 -0.00970248 -0.366391 -86.2306 -0.0183395 0.997165 -0.0729774 -8.70876 0.36606 0.0746184 0.927595 89.6304 
0.92755 -0.0123463 -0.373496 -86.5315 -0.0151182 0.997396 -0.070515 -8.787 0.373394 0.0710528 0.924948 90.3152 
0.924319 -0.0148799 -0.381331 -86.829 -0.0109154 0.9978 -0.0653932 -8.84635 0.381465 0.0646065 0.922123 91.0127 
0.921551 -0.016884 -0.387889 -87.1327 -0.00639379 0.998259 -0.0586426 -8.90137 0.388204 0.0565222 0.919839 91.7121 
0.918351 -0.00947407 -0.395652 -87.4338 -0.0118678 0.998605 -0.0514585 -8.9449 0.395588 0.0519525 0.916958 92.4146 
0.915323 -0.000666711 -0.402721 -87.7624 -0.0210955 0.998546 -0.0496 -9.02397 0.402168 0.0538957 0.913978 93.0939 
0.912866 -0.000648736 -0.40826 -88.074 -0.0245766 0.998098 -0.0565391 -9.07642 0.40752 0.0616462 0.911113 93.7772 
0.910957 -0.00701568 -0.412442 -88.3856 -0.0219241 0.997619 -0.0653933 -9.1247 0.411919 0.0686129 0.908634 94.4635 
0.909166 -0.00619521 -0.416389 -88.6964 -0.0232152 0.99758 -0.0655316 -9.18764 0.415787 0.0692456 0.906822 95.1578 
0.90673 -0.00431348 -0.42169 -89.0284 -0.0230318 0.997949 -0.0597317 -9.24587 0.421083 0.0638728 0.90477 95.8549 
0.903724 -0.0105082 -0.427987 -89.3564 -0.0152683 0.998272 -0.0567502 -9.2897 0.427843 0.0578211 0.902002 96.5551 
0.901682 -0.0148429 -0.432145 -89.7016 -0.0122103 0.998138 -0.0597604 -9.35441 0.432227 0.0591615 0.899822 97.2432 
0.899399 -0.0137038 -0.436915 -90.0493 -0.0164528 0.997739 -0.0651625 -9.41922 0.43682 0.0657956 0.89714 97.9211 
0.897294 -0.0127908 -0.441249 -90.4018 -0.0204656 0.9973 -0.0705269 -9.48599 0.440959 0.0723138 0.894609 98.5972 
0.894991 -0.0109133 -0.445951 -90.7505 -0.0230648 0.997231 -0.0706935 -9.55395 0.445488 0.0735558 0.892261 99.2785 
0.893278 -0.00912812 -0.449413 -91.1282 -0.0230661 0.997546 -0.0661089 -9.62581 0.448913 0.0694198 0.890875 99.9531 
0.891228 -0.0116757 -0.453405 -91.4861 -0.0197835 0.997716 -0.0645795 -9.68211 0.453123 0.066525 0.888962 100.635 
0.889289 -0.00925994 -0.457253 -91.8605 -0.0219953 0.997772 -0.0629837 -9.75498 0.456817 0.0660681 0.887104 101.302 
0.886726 -0.00829224 -0.46222 -92.1933 -0.0239672 0.99767 -0.0638769 -9.82457 0.461673 0.0677195 0.884461 101.987 
0.884128 -0.0131737 -0.467059 -92.5161 -0.020493 0.997547 -0.0669293 -9.86793 0.466795 0.0687455 0.88169 102.676 
0.881859 -0.0110322 -0.471384 -92.8589 -0.0225548 0.997595 -0.0655428 -9.94731 0.470973 0.0684314 0.879489 103.35 
0.879268 -0.0108121 -0.476206 -93.2156 -0.0228919 0.997628 -0.0649184 -10.0043 0.475778 0.0679819 0.876934 104.018 
0.877292 -0.0105392 -0.479841 -93.599 -0.0234226 0.997628 -0.0647352 -10.0691 0.479385 0.0680308 0.874964 104.665 
0.873951 -0.00928639 -0.485926 -93.9177 -0.0273817 0.997289 -0.0683056 -10.1397 0.485243 0.0730012 0.871327 105.333 
0.871548 -0.0100237 -0.490207 -94.2775 -0.0293718 0.996928 -0.0726057 -10.2066 0.489429 0.0776776 0.868577 105.977 
0.87027 -0.00963646 -0.49248 -94.6813 -0.0313301 0.996701 -0.0748666 -10.2701 0.491577 0.0805836 0.867098 106.587 
0.868135 -0.0101928 -0.496224 -95.0397 -0.0292719 0.996997 -0.0716897 -10.335 0.495465 0.0767617 0.86523 107.234 
0.866516 -0.0106442 -0.499036 -95.4261 -0.0246421 0.997641 -0.0640672 -10.4049 0.498541 0.0678125 0.86421 107.858 
0.86429 -0.0132936 -0.502819 -95.7481 -0.0173281 0.99827 -0.0561774 -10.5012 0.502696 0.0572665 0.862564 108.505 
0.861834 -0.0179293 -0.506873 -96.0666 -0.0115083 0.998426 -0.0548843 -10.5434 0.507059 0.0531344 0.860272 109.14 
0.862609 -0.020129 -0.50547 -96.5238 -0.0106247 0.998267 -0.0578848 -10.5542 0.505759 0.0553024 0.8609 109.664 
0.860433 -0.0209148 -0.509134 -96.852 -0.0120127 0.998047 -0.0613004 -10.6082 0.509421 0.0588609 0.858502 110.252 
0.859503 -0.0206791 -0.510712 -97.2132 -0.0141097 0.997841 -0.0641493 -10.651 0.510935 0.0623425 0.857355 110.805 
0.856773 -0.0218949 -0.515229 -97.4967 -0.013236 0.997836 -0.0644136 -10.7406 0.515524 0.0620074 0.854628 111.379 
0.854792 -0.0243963 -0.518397 -97.7983 -0.0114402 0.997766 -0.0658198 -10.7944 0.518844 0.0621928 0.852603 111.926 
0.853149 -0.0250919 -0.521063 -98.1143 -0.0105966 0.997803 -0.0653994 -10.8443 0.521559 0.0613169 0.851009 112.445 
0.852169 -0.0261874 -0.52261 -98.4357 -0.0085618 0.997915 -0.0639653 -10.9165 0.523196 0.0589838 0.850169 112.934 
0.850034 -0.0295817 -0.525896 -98.7096 -0.00482519 0.997942 -0.0639336 -10.9872 0.526705 0.0568833 0.848142 113.42 
0.847844 -0.0321171 -0.529273 -98.9666 -0.00288015 0.99787 -0.0651661 -11.0301 0.530238 0.0567751 0.845946 113.893 
0.845715 -0.0328373 -0.532624 -99.2076 -0.00240443 0.99786 -0.0653379 -11.1005 0.53363 0.0565379 0.843826 114.342 
0.843884 -0.0297887 -0.535698 -99.4605 -0.00583986 0.997888 -0.0646895 -11.1951 0.536493 0.0577189 0.841928 114.755 
0.841191 -0.0302866 -0.539889 -99.6714 -0.00682469 0.997756 -0.0666053 -11.2716 0.540695 0.0597123 0.839097 115.169 
0.838689 -0.0337184 -0.543566 -99.9093 -0.0059168 0.997459 -0.0710035 -11.2813 0.544579 0.0627661 0.836358 115.553 
0.835942 -0.0389419 -0.547435 -100.143 -0.00144874 0.997319 -0.0731567 -11.3194 0.548816 0.0619479 0.833644 115.92 
0.83322 -0.0373187 -0.55168 -100.391 -0.00172005 0.99754 -0.070077 -11.3726 0.552938 0.0593385 0.831106 116.249 
0.828597 -0.0347511 -0.558765 -100.6 -0.00343096 0.997738 -0.0671398 -11.4055 0.559835 0.0575489 0.826604 116.587 
0.825775 -0.0305581 -0.563171 -100.842 -0.00454039 0.998139 -0.0608173 -11.443 0.563982 0.0527784 0.824099 116.878 
0.821991 -0.0287931 -0.568772 -101.058 -0.0027813 0.998506 -0.0545672 -11.4673 0.569493 0.0464357 0.820683 117.169 
0.817394 -0.0303754 -0.575277 -101.264 0.00043995 0.998642 -0.0521046 -11.49 0.576078 0.0423369 0.816297 117.437 
0.812065 -0.0344026 -0.582552 -101.453 0.00420484 0.99858 -0.0531096 -11.5141 0.583552 0.0406789 0.811056 117.691 
0.806461 -0.0363795 -0.590168 -101.663 0.00701725 0.998624 -0.0519688 -11.5591 0.591246 0.0377694 0.805606 117.904 
0.797623 -0.0392795 -0.601877 -101.836 0.00980659 0.99859 -0.0521737 -11.5864 0.603077 0.0357125 0.796883 118.128 
0.787211 -0.0396904 -0.615405 -102.013 0.0104046 0.998639 -0.0510978 -11.6116 0.616595 0.0338217 0.786553 118.331 
0.775711 -0.0378517 -0.629952 -102.189 0.00917189 0.99877 -0.0487186 -11.6536 0.631022 0.0320137 0.775104 118.51 
0.760898 -0.036983 -0.647817 -102.353 0.00698627 0.998783 -0.0488135 -11.6812 0.648834 0.0326163 0.760231 118.686 
0.74629 -0.0361708 -0.664638 -102.522 0.0034375 0.998719 -0.0504922 -11.7189 0.665612 0.0353972 0.745458 118.835 
0.731127 -0.0372623 -0.681223 -102.676 0.00075294 0.998551 -0.0538118 -11.7481 0.682241 0.0388303 0.730096 118.982 
0.715886 -0.0330882 -0.697433 -102.836 -0.00674335 0.998502 -0.0542936 -11.7435 0.698185 0.043571 0.71459 119.124 
0.700656 -0.0264202 -0.713009 -103.012 -0.0129114 0.998681 -0.0496933 -11.7755 0.713382 0.0440239 0.699391 119.248 
0.683926 -0.0250613 -0.729121 -103.188 -0.0142374 0.998761 -0.0476842 -11.7958 0.729412 0.0429932 0.682722 119.366 
0.665455 -0.0292321 -0.745865 -103.363 -0.0113256 0.998722 -0.0492467 -11.8058 0.746352 0.0412189 0.664274 119.499 
0.648405 -0.0332717 -0.760568 -103.558 -0.00799541 0.998692 -0.050505 -11.8225 0.761253 0.0388288 0.647291 119.596 
0.627024 -0.0348812 -0.778218 -103.741 -0.00604196 0.998749 -0.0496339 -11.8363 0.778976 0.0358236 0.626029 119.704 
0.603259 -0.0314506 -0.796925 -103.932 -0.00623131 0.999006 -0.0441427 -11.8535 0.797521 0.0315954 0.602463 119.81 
0.576468 -0.0301514 -0.816563 -104.106 -0.00609125 0.999133 -0.0411929 -11.8464 0.817097 0.0287203 0.575784 119.933 
0.551943 -0.0284547 -0.833396 -104.301 -0.00550022 0.999272 -0.0377609 -11.8634 0.833864 0.0254257 0.551384 120.027 
0.525661 -0.0260115 -0.850296 -104.495 -0.00575661 0.999401 -0.0341315 -11.8788 0.850675 0.0228365 0.525196 120.122 
0.50017 -0.0217897 -0.865653 -104.694 -0.00492299 0.999596 -0.0280057 -11.908 0.865913 0.0182692 0.499861 120.186 
0.472978 -0.0194543 -0.88086 -104.898 -0.00345472 0.999708 -0.0239341 -11.9375 0.881068 0.0143634 0.472772 120.254 
0.442417 -0.0206048 -0.896573 -105.097 -0.00299275 0.999697 -0.0244516 -11.9554 0.896805 0.013501 0.442221 120.343 
0.409145 -0.020092 -0.912248 -105.306 -0.00758924 0.999648 -0.0254207 -11.9603 0.912438 0.017324 0.408848 120.422 
0.375896 -0.0202937 -0.92644 -105.55 -0.0122403 0.999564 -0.0268619 -11.9683 0.926581 0.0214371 0.375484 120.48 
0.337781 -0.0211141 -0.940988 -105.804 -0.0135827 0.999535 -0.0273035 -11.9872 0.941127 0.0220038 0.337337 120.532 
0.296902 -0.0219417 -0.954656 -106.088 -0.0135298 0.999539 -0.0271811 -12.0081 0.954812 0.0209864 0.296468 120.583 
0.254314 -0.0223496 -0.966864 -106.389 -0.0156521 0.999507 -0.0272211 -12.0123 0.966995 0.0220562 0.253838 120.626 
0.207252 -0.0229824 -0.978018 -106.691 -0.0204771 0.999403 -0.0278242 -11.9942 0.978073 0.0257936 0.206658 120.667 
0.159083 -0.0247114 -0.986956 -107.025 -0.0215303 0.999362 -0.0284924 -12.006 0.98703 0.0257821 0.15845 120.677 
0.109467 -0.0259471 -0.993652 -107.376 -0.0215685 0.999362 -0.0284723 -12.0143 0.993756 0.0245484 0.108838 120.676 
0.0585796 -0.0284449 -0.997877 -107.719 -0.0188756 0.999384 -0.0295959 -12.0334 0.998104 0.0205693 0.0580065 120.655 
0.00822181 -0.0298987 -0.999519 -108.088 -0.0215113 0.999316 -0.0300696 -11.993 0.999735 0.0217482 0.00757303 120.606 
-0.0452417 -0.0337652 -0.998405 -108.454 -0.018534 0.999285 -0.0329551 -12.0154 0.998804 0.0170135 -0.0458352 120.557 
-0.0966846 -0.0336524 -0.994746 -108.841 -0.0196632 0.999298 -0.0318952 -11.9954 0.995121 0.0164761 -0.0972784 120.47 
-0.149008 -0.0358343 -0.988187 -109.239 -0.0183174 0.999272 -0.0334742 -12.0067 0.988666 0.0131131 -0.149556 120.371 
-0.200743 -0.0364106 -0.978967 -109.633 -0.0174239 0.999284 -0.0335933 -12.0139 0.979489 0.0103138 -0.201233 120.26 
-0.250217 -0.0407508 -0.967332 -110.048 -0.017364 0.999142 -0.0375994 -12.0304 0.968034 0.00738876 -0.25071 120.125 
-0.297708 -0.0441636 -0.953635 -110.468 -0.0192833 0.999004 -0.0402448 -12.0281 0.954462 0.00640798 -0.298263 119.957 
-0.343845 -0.0434089 -0.938023 -110.892 -0.022701 0.999023 -0.0379105 -12.003 0.938752 0.00825872 -0.344495 119.765 
