1 0 0 0 0 1 0 0 0 0 1 0 
0.999997 -0.00151425 -0.00209921 0.037785 0.00152009 0.999995 0.00278089 -0.0184066 0.00209499 -0.00278407 0.999994 1.52871 
0.999992 -0.00243318 -0.00302854 0.00853789 0.00244504 0.999989 0.00391564 -0.0428785 0.00301898 -0.00392302 0.999988 3.05196 
0.999981 -0.0010227 -0.00609793 0.0475498 0.00104512 0.999993 0.00367616 -0.0620983 0.00609412 -0.00368246 0.999975 4.5655 
0.999961 -0.00136067 -0.008768 0.0422454 0.00139789 0.99999 0.00424004 -0.0948414 0.00876214 -0.00425213 0.999953 6.07843 
0.999946 -0.0015514 -0.0102433 0.0343624 0.00159091 0.999991 0.00385001 -0.0924284 0.0102372 -0.0038661 0.99994 7.61448 
0.999935 -0.00117021 -0.011369 0.0141856 0.00121619 0.999991 0.0040385 -0.10419 0.0113641 -0.00405206 0.999927 9.09833 
0.999899 -0.00318007 -0.0138673 -0.00420423 0.00322693 0.999989 0.00335801 -0.121418 0.0138565 -0.00340242 0.999898 10.5986 
0.999883 -0.00433479 -0.0146447 -0.0586868 0.00438394 0.999985 0.0033259 -0.134894 0.0146301 -0.00338971 0.999887 12.0926 
0.999858 -0.00531002 -0.0159778 -0.0841537 0.00537193 0.999978 0.00383433 -0.159718 0.0159571 -0.00391962 0.999865 13.5855 
0.999872 -0.00616131 -0.0147826 -0.164393 0.00621024 0.999975 0.00326638 -0.170004 0.0147621 -0.00335777 0.999885 15.0722 
0.999853 -0.00561194 -0.0161716 -0.186052 0.00567115 0.999977 0.00361799 -0.185313 0.0161509 -0.00370917 0.999863 16.557 
0.999881 -0.00303585 -0.0151414 -0.234451 0.00309984 0.999986 0.00420472 -0.204118 0.0151284 -0.00425116 0.999877 18.039 
0.999878 -0.00199574 -0.0155102 -0.280864 0.00205968 0.999989 0.0041075 -0.195611 0.0155019 -0.00413894 0.999871 19.5125 
0.999878 0.000506925 -0.0156062 -0.32484 -0.000433637 0.999989 0.00469913 -0.209338 0.0156084 -0.00469179 0.999867 20.9855 
0.999865 0.00151781 -0.0163692 -0.343423 -0.00144012 0.999988 0.00475675 -0.231544 0.0163762 -0.00473253 0.999855 22.4475 
0.999864 0.00264934 -0.0162515 -0.390439 -0.0025631 0.999983 0.00532523 -0.240788 0.0162654 -0.00528285 0.999854 23.9042 
0.999864 0.00382845 -0.0160335 -0.44598 -0.00372026 0.99997 0.00677219 -0.264367 0.0160589 -0.00671162 0.999849 25.3556 
0.999834 0.00443417 -0.0176635 -0.450974 -0.00432632 0.999972 0.0061393 -0.293137 0.0176902 -0.00606186 0.999825 26.7967 
0.999826 0.00591205 -0.0177129 -0.492519 -0.00583004 0.999972 0.00467826 -0.318221 0.01774 -0.00457417 0.999832 28.2294 
0.999866 0.00592766 -0.0152306 -0.54623 -0.00586533 0.999974 0.00413369 -0.333059 0.0152547 -0.00404381 0.999875 29.6543 
0.999873 0.00527173 -0.0150436 -0.59527 -0.00516616 0.999962 0.00704759 -0.361523 0.0150802 -0.00696898 0.999862 31.075 
0.999883 0.00451009 -0.014635 -0.631557 -0.00439615 0.99996 0.00780875 -0.360149 0.0146696 -0.0077435 0.999862 32.4862 
0.999877 0.00448518 -0.0150317 -0.619659 -0.00438368 0.999967 0.00677864 -0.367999 0.0150616 -0.00671191 0.999864 33.881 
0.999877 0.00381627 -0.0151926 -0.614881 -0.00373768 0.99998 0.00519774 -0.385617 0.0152121 -0.00514031 0.999871 35.2654 
0.999914 0.00379035 -0.0125587 -0.681222 -0.00373283 0.999982 0.00460043 -0.4169 0.0125759 -0.00455316 0.999911 36.6316 
0.99991 0.00668232 -0.0116447 -0.697152 -0.0066405 0.999971 0.00362638 -0.418914 0.0116686 -0.00354873 0.999926 37.9882 
0.999938 0.0055504 -0.00969766 -0.727271 -0.00550021 0.999971 0.00519461 -0.446026 0.00972622 -0.00514094 0.999939 39.3223 
0.999949 0.00571654 -0.00835956 -0.735165 -0.00565375 0.999956 0.00751645 -0.462811 0.00840216 -0.0074688 0.999937 40.6463 
0.999958 0.00530576 -0.00744805 -0.719574 -0.00524386 0.999952 0.00830615 -0.455562 0.00749176 -0.00826675 0.999938 41.9497 
0.999968 0.00625143 -0.00506893 -0.738745 -0.00620491 0.999939 0.00914257 -0.4714 0.00512577 -0.00911082 0.999945 43.2321 
0.999978 0.00650604 -0.0013688 -0.738976 -0.00649437 0.999944 0.00836134 -0.477316 0.00142312 -0.00835226 0.999964 44.4956 
0.999981 0.00603688 0.00158458 -0.729771 -0.00604824 0.999955 0.00726317 -0.503504 -0.00154066 -0.00727262 0.999972 45.7366 
0.999966 0.0064656 0.00509635 -0.718508 -0.00649199 0.999966 0.00517936 -0.504269 -0.00506269 -0.00521227 0.999974 46.9701 
0.999933 0.00617128 0.00975075 -0.701733 -0.00622909 0.999963 0.00590997 -0.533171 -0.00971391 -0.00597032 0.999935 48.1899 
0.999845 0.0076991 0.0158029 -0.696629 -0.00778526 0.999955 0.00539747 -0.535367 -0.0157607 -0.00551967 0.999861 49.3997 
0.999718 0.00833267 0.0222162 -0.683457 -0.00843749 0.999954 0.0046288 -0.564122 -0.0221766 -0.00481495 0.999742 50.5975 
0.999545 0.00949667 0.0286299 -0.618423 -0.00962604 0.999944 0.00438425 -0.566702 -0.0285867 -0.00465785 0.99958 51.7816 
0.999357 0.0100691 0.0344048 -0.545805 -0.0102734 0.999931 0.00576542 -0.586738 -0.0343443 -0.00611517 0.999391 52.9571 
0.998956 0.0114168 0.0442328 -0.493744 -0.0117063 0.999912 0.00629154 -0.597073 -0.044157 -0.00680277 0.999001 54.1207 
0.998339 0.0124138 0.0562569 -0.426614 -0.0128304 0.999893 0.00705 -0.623568 -0.0561634 -0.00776009 0.998391 55.2676 
0.997347 0.0146469 0.0713011 -0.36504 -0.0152184 0.999856 0.00747945 -0.640828 -0.0711813 -0.0085447 0.997427 56.3989 
0.99621 0.0168175 0.0853377 -0.253395 -0.0175732 0.999813 0.00811299 -0.637998 -0.0851853 -0.0095819 0.996319 57.5153 
0.994422 0.0158639 0.104277 -0.14667 -0.0169021 0.999816 0.00908056 -0.646508 -0.104114 -0.0107924 0.994507 58.6244 
0.992194 0.0155889 0.123727 -0.0323265 -0.016789 0.999822 0.00866256 -0.658918 -0.12357 -0.0106722 0.992278 59.7172 
0.989429 0.0156212 0.144174 0.114303 -0.0168514 0.999831 0.00731522 -0.638419 -0.144035 -0.00966742 0.989525 60.7928 
0.986228 0.0123794 0.164928 0.297237 -0.0137915 0.999877 0.00741965 -0.634528 -0.164815 -0.00959207 0.986278 61.852 
0.982767 0.00619382 0.184744 0.548829 -0.00835646 0.999905 0.0109298 -0.646101 -0.184659 -0.0122853 0.982726 62.8856 
0.977989 0.00149332 0.208652 0.746256 -0.00438326 0.999901 0.0133889 -0.657151 -0.208611 -0.0140088 0.977898 63.9192 
0.972477 -0.00329492 0.232977 0.973383 0.000178331 0.99991 0.013397 -0.64215 -0.233001 -0.0129867 0.97239 64.9337 
0.966072 -0.0104628 0.258062 1.2353 0.00732438 0.999887 0.0131199 -0.637298 -0.25817 -0.0107846 0.966039 65.9234 
0.958677 -0.0146879 0.284119 1.52773 0.0110889 0.999837 0.0142718 -0.635253 -0.284282 -0.0105315 0.958683 66.8953 
0.950004 -0.0160025 0.311828 1.82919 0.0116713 0.999808 0.0157511 -0.613801 -0.31202 -0.0113241 0.950008 67.8531 
0.94036 -0.0199545 0.339594 2.15599 0.0143851 0.999718 0.0189099 -0.599936 -0.339875 -0.012897 0.940382 68.7972 
0.929404 -0.0241237 0.368273 2.51088 0.0181552 0.999642 0.0196635 -0.608101 -0.368616 -0.0115893 0.92951 69.7158 
0.917197 -0.0261139 0.397577 2.88059 0.0217368 0.999643 0.0155131 -0.595676 -0.39784 -0.00558656 0.917438 70.611 
0.903921 -0.0303925 0.426619 3.29345 0.0282056 0.999537 0.0114453 -0.591782 -0.426769 0.00168735 0.904359 71.4773 
0.890221 -0.0333923 0.454304 3.77088 0.0325945 0.999423 0.00958999 -0.584256 -0.454362 0.00627058 0.890795 72.306 
0.874818 -0.0326853 0.483348 4.23892 0.0306611 0.999457 0.012092 -0.61567 -0.483481 0.00424166 0.875345 73.1379 
0.857202 -0.0286386 0.514183 4.72588 0.0251029 0.999589 0.0138249 -0.612645 -0.514367 0.00105668 0.857569 73.9592 
0.837676 -0.027452 0.545477 5.23976 0.022535 0.999623 0.0157011 -0.624415 -0.545702 -0.000860063 0.837979 74.7493 
0.816736 -0.0240347 0.57651 5.76604 0.0233632 0.99969 0.00857865 -0.611381 -0.576538 0.00646264 0.817045 75.5166 
0.795255 -0.0219185 0.605879 6.33493 0.0263797 0.999651 0.00153872 -0.634082 -0.605701 0.0147592 0.795556 76.2439 
0.77291 -0.0207771 0.634176 6.91679 0.026945 0.999637 -8.9115e-05 -0.677568 -0.633944 0.0171568 0.773189 76.9515 
0.750027 -0.0205569 0.661087 7.54378 0.0248776 0.999686 0.0028614 -0.717572 -0.660939 0.0143001 0.750304 77.6264 
0.725643 -0.0208335 0.687756 8.17045 0.025434 0.999671 0.00344696 -0.737584 -0.687602 0.0149912 0.725933 78.2892 
0.699558 -0.0203498 0.714286 8.78619 0.0276161 0.999618 0.0014321 -0.763625 -0.714042 0.0187239 0.699853 78.9425 
0.672394 -0.0193953 0.739939 9.42539 0.0301639 0.999544 -0.00121034 -0.761701 -0.739578 0.0231333 0.672673 79.5758 
0.645951 -0.0164662 0.763201 10.1202 0.0299782 0.999543 -0.00380734 -0.772158 -0.76279 0.0253388 0.64615 80.1433 
0.618015 -0.0150863 0.786021 10.8275 0.0308513 0.999511 -0.00507329 -0.790515 -0.78556 0.0273852 0.618179 80.7045 
0.590104 -0.0112844 0.807248 11.5608 0.034001 0.999363 -0.010885 -0.841214 -0.806611 0.0338706 0.590112 81.2258 
0.56055 -0.00725187 0.828089 12.3169 0.039963 0.999034 -0.0183028 -0.888722 -0.827156 0.0433525 0.560298 81.7208 
0.530335 -0.00317061 0.847782 13.1109 0.0464101 0.998602 -0.0252975 -0.882731 -0.846517 0.0527618 0.529741 82.1838 
0.499833 0.0030021 0.866117 13.9237 0.0471686 0.998416 -0.0306815 -0.918979 -0.864836 0.0561891 0.4989 82.6285 
0.467374 0.00885809 0.884015 14.7333 0.0429897 0.998539 -0.0327341 -0.957976 -0.883014 0.0533026 0.466311 83.0804 
0.434631 0.01575 0.900471 15.5729 0.0372559 0.998677 -0.03545 -0.987676 -0.899838 0.0489555 0.433469 83.495 
0.401831 0.022682 0.915433 16.4354 0.0342306 0.998622 -0.0397688 -1.03007 -0.915074 0.0473162 0.400501 83.8374 
0.366481 0.0319069 0.929878 17.2961 0.0319905 0.998389 -0.0468657 -1.06782 -0.929875 0.0469227 0.36487 84.2129 
0.333374 0.0383466 0.942015 18.193 0.0293777 0.998265 -0.051033 -1.12671 -0.942337 0.0446873 0.331669 84.4889 
0.297572 0.0428341 0.953738 19.0901 0.0271495 0.998209 -0.0533022 -1.1778 -0.954313 0.0417547 0.295877 84.7866 
0.262701 0.0462726 0.963767 20.0178 0.0256552 0.998161 -0.054917 -1.23739 -0.964536 0.0391524 0.261031 84.9875 
0.227373 0.047736 0.972637 20.9525 0.0250457 0.998181 -0.0548447 -1.29844 -0.973485 0.0368306 0.225764 85.1943 
0.193134 0.0472708 0.980033 21.8993 0.0236866 0.998323 -0.0528209 -1.3752 -0.980886 0.0334152 0.191691 85.3392 
0.159018 0.0407957 0.986432 22.854 0.0244588 0.998676 -0.0452449 -1.45309 -0.986973 0.0313217 0.15781 85.4527 
0.125032 0.0404518 0.991328 23.8058 0.0285259 0.998609 -0.0443468 -1.50867 -0.991743 0.0338233 0.123704 85.5742 
0.0928052 0.0413601 0.994825 24.7661 0.0346397 0.998398 -0.0447401 -1.5368 -0.995082 0.0386125 0.0912238 85.6489 
0.0632608 0.0372275 0.997302 25.7289 0.0390526 0.998446 -0.0397474 -1.58769 -0.997233 0.0414617 0.0617086 85.7047 
0.0378981 0.037457 0.998579 26.6994 0.0368949 0.998563 -0.0388567 -1.63314 -0.9986 0.0383151 0.0364617 85.7291 
0.0159276 0.0362271 0.999217 27.6802 0.0333858 0.998767 -0.0367429 -1.68388 -0.999316 0.0339449 0.0146985 85.7009 
-0.00287572 0.0368369 0.999317 28.6632 0.030486 0.99886 -0.0367324 -1.72855 -0.999531 0.0303595 -0.00399545 85.7122 
-0.0196865 0.0360471 0.999156 29.6432 0.0337081 0.998806 -0.0353703 -1.77021 -0.999238 0.0329833 -0.0208781 85.6902 
-0.0343569 0.034469 0.998815 30.6265 0.0384805 0.99871 -0.0331417 -1.803 -0.998669 0.0372963 -0.0356389 85.6523 
-0.0456311 0.0312848 0.998468 31.6133 0.0430385 0.998643 -0.0293234 -1.84132 -0.998031 0.0416345 -0.0469156 85.593 
-0.0531827 0.0261052 0.998244 32.6041 0.0456728 0.998676 -0.0236832 -1.8826 -0.99754 0.0443331 -0.0543045 85.5173 
-0.0593072 0.0228593 0.997978 33.596 0.0508361 0.99851 -0.0198504 -1.9094 -0.996945 0.049556 -0.0603809 85.4424 
-0.0637361 0.0213117 0.997739 34.591 0.0552481 0.998314 -0.0177947 -1.94275 -0.996436 0.0539891 -0.0648061 85.4065 
-0.065665 0.0193246 0.997655 35.5914 0.0585749 0.998163 -0.0154791 -1.97523 -0.996121 0.0574211 -0.0666763 85.328 
-0.0684036 0.0191305 0.997474 36.5959 0.0617036 0.997983 -0.0149088 -1.99404 -0.995748 0.060528 -0.0694461 85.2663 
-0.0712112 0.0190761 0.997279 37.602 0.0653649 0.997757 -0.0144179 -2.00842 -0.995317 0.0641603 -0.0722984 85.1984 
-0.0731747 0.0188416 0.997141 38.6086 0.068683 0.997543 -0.0138089 -2.03384 -0.994951 0.0674762 -0.074289 85.1179 
-0.0744964 0.0152587 0.997105 39.6206 0.0707052 0.997447 -0.00998142 -2.03543 -0.994712 0.0697569 -0.0753851 85.0119 
-0.0771673 0.0157163 0.996894 40.6445 0.0694172 0.997534 -0.010353 -2.05687 -0.994599 0.0684027 -0.078068 84.9493 
-0.0784558 0.0172784 0.996768 41.6645 0.0695655 0.997507 -0.0118157 -2.0637 -0.994487 0.0684137 -0.0794622 84.8314 
-0.0805431 0.0155765 0.996629 42.6871 0.0697158 0.997517 -0.00995626 -2.09733 -0.99431 0.0686789 -0.081429 84.7428 
-0.0824118 0.0172544 0.996449 43.7115 0.0724658 0.997307 -0.0112759 -2.0952 -0.99396 0.0712793 -0.0834402 84.6318 
-0.0848721 0.0186672 0.996217 44.7466 0.0746703 0.997132 -0.0123228 -2.12891 -0.99359 0.073342 -0.0860226 84.5598 
-0.0859853 0.0205346 0.996085 45.7811 0.0782931 0.996835 -0.0137915 -2.16014 -0.993215 0.0768006 -0.0873209 84.4349 
-0.0896608 0.0248178 0.995663 46.8252 0.083461 0.996361 -0.0173194 -2.1906 -0.992469 0.0815462 -0.0914058 84.4217 
-0.0918337 0.0275136 0.995394 47.8711 0.0862297 0.996083 -0.0195772 -2.2181 -0.992034 0.0840347 -0.0938465 84.321 
-0.0955161 0.0294909 0.994991 48.9246 0.0849302 0.996158 -0.0213724 -2.24934 -0.991798 0.0824633 -0.0976537 84.2788 
-0.0977109 0.0327414 0.994676 49.9857 0.0812582 0.996384 -0.0248153 -2.28051 -0.991892 0.0784009 -0.100018 84.1697 
-0.100033 0.0329012 0.99444 51.0466 0.080147 0.996472 -0.0249063 -2.29358 -0.991751 0.0772099 -0.102317 84.0695 
-0.102185 0.0335485 0.9942 52.1082 0.0804885 0.996433 -0.0253512 -2.34082 -0.991504 0.0774311 -0.104521 83.9608 
-0.103355 0.033077 0.994094 53.1688 0.0835914 0.9962 -0.0244562 -2.36103 -0.991126 0.0805701 -0.105727 83.8352 
-0.105224 0.0328178 0.993907 54.2347 0.0863412 0.995983 -0.0237455 -2.39148 -0.990693 0.0833165 -0.107635 83.7332 
-0.108901 0.0326854 0.993515 55.3126 0.0854462 0.996068 -0.0234034 -2.47663 -0.990373 0.0823434 -0.111266 83.7486 
-0.111469 0.03642 0.9931 56.3969 0.0850718 0.99601 -0.026978 -2.51357 -0.99012 0.0814776 -0.114123 83.73 
-0.113475 0.0395868 0.992752 57.4831 0.0854743 0.99589 -0.0299419 -2.54323 -0.989857 0.0814572 -0.116392 83.7033 
-0.11354 0.0435638 0.992578 58.566 0.0875704 0.995589 -0.0336788 -2.57519 -0.989667 0.0830966 -0.116854 83.6053 
-0.111178 0.0460835 0.992732 59.6519 0.0881479 0.995444 -0.0363376 -2.63254 -0.989884 0.0834673 -0.114733 83.4796 
-0.110786 0.0505939 0.992556 60.7465 0.0892582 0.995174 -0.0407646 -2.66129 -0.989828 0.0840776 -0.114768 83.3519 
-0.110112 0.0509582 0.992612 61.8526 0.0843931 0.995558 -0.0417475 -2.7027 -0.99033 0.0791727 -0.113923 83.1895 
-0.110056 0.0482196 0.992755 62.957 0.0751844 0.996365 -0.04006 -2.75268 -0.991078 0.0702309 -0.113281 83.0465 
-0.110225 0.0420305 0.993018 64.0687 0.0684258 0.997056 -0.0346061 -2.79892 -0.991549 0.0641335 -0.112776 82.9041 
-0.110719 0.0339457 0.993272 65.1735 0.0691046 0.997261 -0.026379 -2.83552 -0.991446 0.065719 -0.112762 82.7673 
-0.112596 0.027607 0.993257 66.2849 0.0716268 0.997239 -0.0195981 -2.90498 -0.991056 0.0689372 -0.114263 82.6923 
-0.111335 0.0238548 0.993497 67.394 0.0764679 0.996954 -0.0153685 -2.93166 -0.990837 0.0742595 -0.11282 82.5344 
-0.111128 0.0245485 0.993503 68.5122 0.0810207 0.996591 -0.0155622 -2.94907 -0.990498 0.0787649 -0.112738 82.4113 
-0.111813 0.0277218 0.993343 69.6453 0.0792066 0.996679 -0.0188993 -2.97874 -0.990568 0.0765661 -0.113637 82.3389 
-0.109969 0.027487 0.993555 70.778 0.0745128 0.997033 -0.019336 -3.00547 -0.991138 0.0719062 -0.111691 82.1828 
-0.110781 0.0307362 0.993369 71.9195 0.0720279 0.997142 -0.0228204 -3.05223 -0.991231 0.0690223 -0.112678 82.0805 
-0.111098 0.0317789 0.993301 73.0571 0.0735724 0.997009 -0.0236686 -3.07128 -0.991082 0.07045 -0.113103 81.9724 
-0.110903 0.0315149 0.993331 74.1966 0.0795572 0.996571 -0.0227354 -3.0719 -0.990642 0.0765052 -0.11303 81.8385 
-0.111535 0.0341677 0.993173 75.3412 0.0821966 0.996301 -0.0250446 -3.10584 -0.990355 0.0788421 -0.113931 81.73 
-0.111158 0.0343617 0.993209 76.495 0.0813057 0.996366 -0.0253713 -3.13567 -0.990471 0.0779332 -0.113548 81.594 
-0.110786 0.031338 0.99335 77.6609 0.0723773 0.997103 -0.0233843 -3.19615 -0.991205 0.0693053 -0.112734 81.4732 
-0.11233 0.0322766 0.993147 78.8224 0.0691059 0.997306 -0.0245956 -3.27344 -0.991265 0.0658694 -0.114258 81.367 
-0.111384 0.0346355 0.993174 79.9836 0.0728719 0.996987 -0.0265959 -3.30778 -0.991102 0.069412 -0.113573 81.2474 
-0.111183 0.0366354 0.993124 81.1491 0.0768973 0.996641 -0.0281563 -3.33554 -0.99082 0.0732381 -0.113626 81.13 
-0.110993 0.0387051 0.993067 82.3268 0.0768324 0.996585 -0.0302548 -3.36548 -0.990847 0.0729416 -0.113588 80.9942 
-0.111308 0.0393019 0.993009 83.4936 0.0728964 0.996849 -0.0312828 -3.41249 -0.991109 0.0689048 -0.113822 80.8948 
-0.108139 0.037805 0.993417 84.6546 0.070423 0.997058 -0.0302776 -3.46995 -0.991638 0.0666852 -0.110483 80.7294 
-0.108005 0.0364719 0.993481 85.8314 0.0708613 0.997067 -0.0289 -3.50432 -0.991622 0.067278 -0.110273 80.6339 
-0.108544 0.0359814 0.99344 87.0104 0.0704514 0.99711 -0.0284168 -3.54366 -0.991592 0.0669048 -0.110765 80.5183 
-0.106882 0.0336186 0.993703 88.1969 0.0677401 0.997352 -0.026456 -3.60287 -0.991961 0.0644859 -0.108877 80.3617 
-0.102907 0.0306769 0.994218 89.3786 0.0661642 0.997522 -0.0239304 -3.65156 -0.992488 0.063319 -0.104682 80.1724 
-0.103407 0.033167 0.994086 90.5941 0.0666497 0.997429 -0.0263455 -3.64552 -0.992404 0.0635312 -0.105352 80.0685 
-0.101174 0.0345017 0.99427 91.8051 0.0645873 0.997518 -0.0280422 -3.70597 -0.99277 0.06138 -0.103152 79.8999 
-0.0999347 0.0332739 0.994437 93.0219 0.0641187 0.997579 -0.0269354 -3.73843 -0.992926 0.0610703 -0.101826 79.7681 
-0.0980431 0.0346206 0.99458 94.2474 0.0652765 0.997466 -0.0282863 -3.77328 -0.993039 0.0621495 -0.100055 79.6512 
-0.0976765 0.033165 0.994665 95.4718 0.0664594 0.997431 -0.0267309 -3.83641 -0.992997 0.0634939 -0.0996297 79.5288 
-0.0955112 0.0341453 0.994843 96.7031 0.0648174 0.997504 -0.0280138 -3.88828 -0.993316 0.0618075 -0.097486 79.4025 
-0.0958747 0.0358605 0.994747 97.9405 0.0635742 0.997531 -0.0298335 -3.93491 -0.993361 0.0603799 -0.0979178 79.3492 
-0.0994818 0.0373758 0.994337 99.1808 0.064789 0.997417 -0.0310096 -3.9795 -0.992928 0.0613372 -0.101646 79.3355 
-0.0986317 0.0395412 0.994338 100.421 0.0641448 0.997385 -0.0332996 -4.03917 -0.993055 0.0604972 -0.10091 79.1993 
-0.0966155 0.0415467 0.994454 101.662 0.0628405 0.99739 -0.0355642 -4.07303 -0.993336 0.0590559 -0.0989741 79.0194 
-0.0964924 0.0436073 0.994378 102.911 0.061461 0.997394 -0.0377755 -4.13805 -0.993434 0.0574705 -0.0989211 78.8839 
-0.0965555 0.0444832 0.994333 104.159 0.0606581 0.997407 -0.0387305 -4.20217 -0.993478 0.0565747 -0.0990034 78.7467 
-0.0975902 0.0435755 0.994272 105.411 0.0611906 0.997414 -0.0377072 -4.25043 -0.993344 0.0571603 -0.100004 78.6248 
-0.0993174 0.0435785 0.994101 106.663 0.0597309 0.9975 -0.03776 -4.30301 -0.993261 0.0556283 -0.101672 78.4986 
-0.10059 0.0448095 0.993918 107.91 0.054521 0.997732 -0.0394637 -4.37506 -0.993433 0.0502198 -0.102805 78.3359 
-0.106365 0.0458663 0.993269 109.157 0.053668 0.997744 -0.0403259 -4.46197 -0.992878 0.0490174 -0.108587 78.2662 
-0.111425 0.0527265 0.992373 110.387 0.0610457 0.997069 -0.0461217 -4.52672 -0.991896 0.055441 -0.114318 78.1324 
-0.117141 0.0530586 0.991697 111.622 0.0639846 0.9969 -0.0457791 -4.59124 -0.991052 0.0580907 -0.120173 77.96 
-0.124367 0.0518309 0.990882 112.843 0.0601142 0.997194 -0.0446161 -4.63041 -0.990414 0.0540172 -0.127134 77.7587 
-0.134174 0.0485504 0.989768 114.067 0.056446 0.997552 -0.0412803 -4.70156 -0.989349 0.0503297 -0.136586 77.5367 
-0.148286 0.0496297 0.987698 115.297 0.0568331 0.997517 -0.0415906 -4.78439 -0.98731 0.0499666 -0.150739 77.3987 
-0.163806 0.0489048 0.98528 116.526 0.0571948 0.997561 -0.0400056 -4.83225 -0.984833 0.0497997 -0.166204 77.2291 
-0.178068 0.0497071 0.982762 117.745 0.0553806 0.997647 -0.0404255 -4.88447 -0.982459 0.0472274 -0.180402 77.0213 
-0.193683 0.0460756 0.979982 118.947 0.0547437 0.997848 -0.0360961 -4.96891 -0.979536 0.0466566 -0.195788 76.7652 
-0.208219 0.0468036 0.976962 120.14 0.0584184 0.997666 -0.0353448 -5.01955 -0.976336 0.0497131 -0.210467 76.5124 
-0.222564 0.0479364 0.973739 121.32 0.0627707 0.997423 -0.0347551 -5.07396 -0.972895 0.053387 -0.224999 76.2291 
-0.236209 0.0548079 0.970155 122.483 0.0650166 0.997062 -0.040498 -5.05896 -0.969525 0.0535103 -0.239078 75.8704 
-0.251684 0.0632993 0.965737 123.677 0.0646336 0.99673 -0.0484864 -5.08773 -0.965649 0.0502158 -0.254953 75.5788 
-0.267893 0.0674106 0.961087 124.869 0.0634823 0.996616 -0.0522076 -5.14977 -0.961355 0.047026 -0.271266 75.3008 
-0.28541 0.0734741 0.955585 126.056 0.0685067 0.996071 -0.0561257 -5.20735 -0.955954 0.0494451 -0.289322 75.0465 
-0.30027 0.0763032 0.950797 127.218 0.070293 0.995855 -0.05772 -5.31885 -0.951261 0.0495027 -0.304389 74.7182 
-0.31236 0.0770949 0.94683 128.333 0.0721846 0.995746 -0.0572641 -5.3983 -0.947217 0.0504595 -0.316597 74.264 
-0.325367 0.0744175 0.942655 129.461 0.0708979 0.996012 -0.0541586 -5.4496 -0.942926 0.0492108 -0.329346 73.8314 
-0.338461 0.0763833 0.937875 130.579 0.0693415 0.996015 -0.0560944 -5.52985 -0.938422 0.0460479 -0.342409 73.3884 
-0.354595 0.0776437 0.931791 131.722 0.0694103 0.995982 -0.0565784 -5.59436 -0.93244 0.0446135 -0.35856 73.0194 
-0.369401 0.0801918 0.925803 132.837 0.072377 0.995726 -0.0573695 -5.66612 -0.926447 0.0458145 -0.373627 72.5935 
-0.385314 0.0814388 0.919185 133.946 0.0749403 0.995569 -0.0567921 -5.75689 -0.919738 0.0470012 -0.38971 72.1732 
-0.397424 0.0826628 0.913904 135.015 0.0764249 0.995456 -0.0568047 -5.83128 -0.914447 0.0472695 -0.401936 71.6372 
-0.409961 0.0798411 0.908602 136.063 0.0767486 0.995648 -0.0528611 -5.88502 -0.908868 0.0480629 -0.414305 71.0629 
-0.423192 0.081135 0.9024 137.121 0.0816218 0.995347 -0.0512143 -5.91893 -0.902356 0.051982 -0.427845 70.4964 
-0.43826 0.0816599 0.895131 138.204 0.0840156 0.995226 -0.0496568 -5.98151 -0.894913 0.0534424 -0.443029 69.9762 
-0.453998 0.0846586 0.886972 139.298 0.0842513 0.995094 -0.0518544 -6.02192 -0.887011 0.0511867 -0.458903 69.4458 
-0.469607 0.0899308 0.878283 140.378 0.0839513 0.99484 -0.0569777 -6.09855 -0.878875 0.0469758 -0.474734 68.8846 
-0.48489 0.0927548 0.869642 141.435 0.086106 0.994592 -0.0580712 -6.17322 -0.870326 0.0467233 -0.490255 68.2716 
-0.499473 0.097074 0.860874 142.468 0.0880922 0.994243 -0.0610025 -6.24697 -0.861839 0.0453671 -0.505149 67.6221 
-0.513653 0.0985401 0.852321 143.491 0.0884339 0.994173 -0.0616453 -6.31423 -0.853429 0.0437098 -0.519374 66.9408 
-0.528952 0.102382 0.842453 144.534 0.091378 0.993796 -0.0634005 -6.38575 -0.843718 0.0434459 -0.535026 66.2836 
-0.544807 0.105615 0.831884 145.592 0.0928983 0.993532 -0.0652983 -6.47158 -0.8334 0.0417056 -0.551095 65.6523 
-0.561287 0.108901 0.820425 146.64 0.0925914 0.993345 -0.0685086 -6.57048 -0.822425 0.0375113 -0.567635 64.9847 
-0.576711 0.110815 0.809398 147.654 0.0901226 0.99334 -0.0717846 -6.68306 -0.811962 0.0315461 -0.582857 64.2655 
-0.593524 0.112713 0.796885 148.697 0.0884526 0.993282 -0.0746117 -6.8246 -0.799941 0.0262027 -0.599506 63.591 
-0.606702 0.116487 0.786348 149.645 0.0896853 0.99292 -0.0778917 -6.93475 -0.789854 0.0232668 -0.612853 62.7716 
-0.621725 0.11963 0.774045 150.624 0.0934903 0.992536 -0.0783057 -7.0628 -0.777636 0.0236811 -0.628269 61.9993 
-0.636397 0.1251 0.761149 151.575 0.097626 0.991889 -0.0813979 -7.19237 -0.765158 0.0225066 -0.643448 61.1843 
-0.653146 0.129319 0.746108 152.557 0.0992979 0.991428 -0.0849128 -7.29738 -0.750693 0.0186266 -0.660388 60.3878 
-0.666947 0.13309 0.733122 153.461 0.0975966 0.991045 -0.091126 -7.40673 -0.738685 0.0107739 -0.673964 59.4944 
-0.685687 0.13608 0.715064 154.419 0.0997898 0.990668 -0.0928383 -7.49905 -0.721024 0.00769812 -0.692867 58.6539 
-0.7024 0.139111 0.698057 155.325 0.10126 0.99027 -0.0954542 -7.64915 -0.704543 0.0036382 -0.709652 57.7636 
-0.719861 0.145916 0.678608 156.224 0.106562 0.989297 -0.0996812 -7.7524 -0.68589 0.000557426 -0.727705 56.8566 
-0.735876 0.147842 0.660779 157.074 0.106991 0.989001 -0.102128 -7.90078 -0.66861 -0.00445611 -0.7436 55.879 
-0.752691 0.148171 0.641484 157.936 0.109494 0.988949 -0.0999539 -8.03111 -0.649206 -0.00499597 -0.760597 54.906 
-0.767875 0.147274 0.62344 158.712 0.107605 0.989039 -0.101105 -8.13967 -0.631497 -0.0105502 -0.775306 53.8602 
-0.783773 0.144174 0.604081 159.526 0.105249 0.989447 -0.09959 -8.26911 -0.612064 -0.0144768 -0.790676 52.8416 
-0.798593 0.144529 0.58426 160.279 0.107335 0.989378 -0.0980341 -8.39542 -0.592223 -0.015578 -0.805624 51.7863 
-0.812538 0.145023 0.564579 161.03 0.110463 0.989315 -0.0951476 -8.52707 -0.572346 -0.0149459 -0.819876 50.7418 
-0.826379 0.143416 0.544546 161.775 0.109428 0.989489 -0.0945373 -8.65598 -0.55238 -0.0185351 -0.833386 49.6854 
-0.838357 0.143356 0.525934 162.455 0.108446 0.989377 -0.0968119 -8.77289 -0.534226 -0.0241274 -0.844998 48.5903 
-0.849686 0.141933 0.507827 163.127 0.108637 0.989551 -0.0948008 -8.89716 -0.515976 -0.0253819 -0.856227 47.4849 
-0.859607 0.14114 0.491075 163.767 0.110342 0.989691 -0.0912986 -8.99874 -0.498899 -0.0242946 -0.86632 46.37 
-0.86834 0.144863 0.474342 164.41 0.114262 0.989098 -0.0928983 -9.13307 -0.482628 -0.0264682 -0.875426 45.254 
-0.877203 0.147312 0.456961 165.054 0.116544 0.988633 -0.0949873 -9.27059 -0.46576 -0.0300673 -0.8844 44.137 
-0.884404 0.148929 0.442324 165.65 0.11861 0.988327 -0.0956114 -9.40258 -0.4514 -0.0320951 -0.891744 42.9942 
-0.891264 0.148954 0.428324 166.23 0.118573 0.988203 -0.0969285 -9.55517 -0.437709 -0.0356012 -0.898412 41.8478 
-0.897735 0.150967 0.413862 166.793 0.120305 0.987753 -0.0993478 -9.70084 -0.423792 -0.0393985 -0.904902 40.6925 
-0.902735 0.153805 0.401764 167.299 0.121524 0.98704 -0.104805 -9.84835 -0.412676 -0.0457875 -0.909726 39.5066 
-0.907485 0.156032 0.390032 167.795 0.122657 0.98642 -0.10923 -9.98673 -0.401779 -0.0512845 -0.914299 38.3105 
-0.912444 0.153499 0.379321 168.297 0.119958 0.986589 -0.110688 -10.122 -0.391225 -0.055494 -0.918621 37.118 
-0.916 0.149061 0.372457 168.756 0.117141 0.987329 -0.107051 -10.2567 -0.383695 -0.0544285 -0.921855 35.9166 
-0.919093 0.144433 0.366615 169.224 0.113868 0.988059 -0.103795 -10.4031 -0.377229 -0.0536516 -0.924565 34.7201 
-0.921236 0.141755 0.362256 169.67 0.112622 0.98855 -0.100428 -10.538 -0.372345 -0.0517202 -0.926652 33.5178 
-0.92214 0.14349 0.359262 170.115 0.114367 0.988274 -0.101166 -10.656 -0.369565 -0.0522016 -0.927737 32.3044 
-0.923099 0.151129 0.353622 170.573 0.120431 0.986895 -0.107399 -10.7941 -0.365218 -0.0565529 -0.929202 31.0999 
-0.92416 0.156632 0.348417 171.031 0.125185 0.985886 -0.111162 -10.949 -0.360911 -0.0591146 -0.930725 29.898 
-0.924967 0.164374 0.342663 171.481 0.132823 0.984589 -0.113767 -11.1325 -0.356082 -0.0597172 -0.932544 28.7008 
-0.926339 0.167707 0.337299 171.944 0.136683 0.984045 -0.113896 -11.3219 -0.351019 -0.0594036 -0.934482 27.5142 
-0.927474 0.168821 0.333605 172.397 0.138566 0.983922 -0.112679 -11.4875 -0.347264 -0.0582806 -0.935955 26.3164 
-0.927847 0.167144 0.333412 172.826 0.137472 0.984282 -0.110863 -11.6537 -0.346701 -0.0570294 -0.93624 25.1103 
-0.927279 0.166831 0.335143 173.239 0.138151 0.984522 -0.107848 -11.7839 -0.347948 -0.0537046 -0.935975 23.8937 
-0.92726 0.167549 0.334836 173.678 0.139268 0.984463 -0.106943 -11.9403 -0.347552 -0.0525316 -0.936188 22.7004 
-0.926437 0.165599 0.33807 174.081 0.137903 0.984913 -0.10454 -12.0881 -0.350281 -0.0502286 -0.935297 21.5084 
-0.92603 0.163478 0.340212 174.52 0.135423 0.985229 -0.10481 -12.2343 -0.35232 -0.0509845 -0.93449 20.3228 
-0.924957 0.16435 0.3427 174.944 0.136511 0.985163 -0.10401 -12.3683 -0.354709 -0.0494228 -0.933669 19.1394 
-0.923245 0.167522 0.345766 175.391 0.139019 0.984617 -0.105843 -12.5368 -0.358178 -0.0496511 -0.932332 17.9629 
-0.921416 0.170746 0.349052 175.853 0.140835 0.983954 -0.109549 -12.714 -0.362156 -0.0517818 -0.930678 16.7898 
-0.91947 0.172771 0.353164 176.331 0.141464 0.983493 -0.112829 -12.8726 -0.366828 -0.0537831 -0.928733 15.6161 
-0.916507 0.174257 0.360068 176.788 0.141426 0.98315 -0.115818 -13.0282 -0.374183 -0.0552252 -0.925709 14.4382 
-0.91403 0.172073 0.367341 177.247 0.13832 0.983508 -0.11653 -13.2188 -0.381335 -0.0557018 -0.922757 13.2716 
-0.910322 0.176581 0.374343 177.732 0.143428 0.98297 -0.114888 -13.3584 -0.388254 -0.0508936 -0.920146 12.1077 
-0.906166 0.173198 0.385832 178.192 0.140388 0.983754 -0.111888 -13.5032 -0.398943 -0.0472226 -0.915759 10.9415 
-0.901834 0.175355 0.3949 178.72 0.142753 0.983544 -0.110738 -13.6454 -0.40782 -0.0434943 -0.912026 9.79172 
-0.896399 0.174678 0.407377 179.231 0.142698 0.98387 -0.107876 -13.7887 -0.419649 -0.0385685 -0.906867 8.63159 
-0.890223 0.173308 0.421268 179.752 0.142128 0.984307 -0.104595 -13.8998 -0.432784 -0.033239 -0.900884 7.47455 
-0.884677 0.169901 0.434142 180.316 0.138207 0.984946 -0.103826 -14.0591 -0.445247 -0.031851 -0.894841 6.33711 
-0.878912 0.166741 0.44689 180.915 0.133475 0.985455 -0.105179 -14.1984 -0.457928 -0.0327944 -0.888384 5.21413 
-0.871658 0.164591 0.461652 181.476 0.131595 0.985933 -0.103044 -14.3349 -0.472118 -0.0290684 -0.881056 4.06585 
-0.865543 0.161897 0.473946 182.074 0.127925 0.986387 -0.103321 -14.4852 -0.484221 -0.0287994 -0.874471 2.94624 
-0.858017 0.158796 0.488458 182.691 0.123942 0.986916 -0.10313 -14.6162 -0.498443 -0.0279472 -0.866472 1.83669 
-0.851606 0.156681 0.500218 183.351 0.121008 0.98727 -0.103226 -14.752 -0.510023 -0.027377 -0.859725 0.756509 
-0.843503 0.152242 0.515097 183.991 0.116126 0.987999 -0.10185 -14.8857 -0.524421 -0.0260943 -0.851059 -0.322127 
-0.834382 0.148407 0.530831 184.647 0.111847 0.988621 -0.100587 -15.0324 -0.539719 -0.0245563 -0.841487 -1.3843 
-0.823511 0.1442 0.548667 185.317 0.107205 0.989286 -0.0990946 -15.1646 -0.557078 -0.0227854 -0.830147 -2.42866 
-0.813448 0.137101 0.565249 186.045 0.100329 0.99033 -0.09582 -15.2767 -0.572919 -0.0212335 -0.819337 -3.43097 
-0.801714 0.136601 0.581889 186.742 0.0991564 0.99044 -0.0958946 -15.4286 -0.589426 -0.019182 -0.807595 -4.44196 
-0.79033 0.132416 0.598201 187.491 0.0956044 0.991059 -0.0930667 -15.5329 -0.605176 -0.0163628 -0.795924 -5.42313 
-0.777805 0.129361 0.615049 188.24 0.0919728 0.991482 -0.092223 -15.6757 -0.62174 -0.0151638 -0.783077 -6.39692 
-0.76422 0.126192 0.63249 189.016 0.0877448 0.991897 -0.0918795 -15.7927 -0.638959 -0.0147185 -0.7691 -7.34807 
-0.748533 0.122058 0.651767 189.798 0.0829222 0.992427 -0.0906201 -15.9132 -0.657893 -0.0137862 -0.752985 -8.28992 
-0.732436 0.117511 0.670618 190.615 0.078597 0.993001 -0.0881587 -16.049 -0.676284 -0.011862 -0.736546 -9.18452 
-0.715391 0.116341 0.68897 191.432 0.0787649 0.993183 -0.0859258 -16.1727 -0.69427 -0.00720392 -0.719678 -10.0545 
-0.696779 0.116251 0.707803 192.274 0.0791554 0.993214 -0.0852047 -16.2828 -0.712905 -0.00334239 -0.701252 -10.9043 
-0.677088 0.115838 0.726728 193.136 0.0786032 0.993268 -0.0850902 -16.3936 -0.731692 -0.000490382 -0.681635 -11.7264 
-0.657139 0.116097 0.744775 194.032 0.0784853 0.993235 -0.0855771 -16.5152 -0.749672 0.00221781 -0.661806 -12.5124 
-0.635323 0.115757 0.763522 194.928 0.0789543 0.993257 -0.0848895 -16.6299 -0.7682 0.00635107 -0.640178 -13.2859 
-0.615422 0.114486 0.779839 195.878 0.0771572 0.993394 -0.084947 -16.7468 -0.784412 0.00789195 -0.62019 -13.9852 
-0.593291 0.113843 0.796898 196.81 0.0766983 0.99344 -0.084819 -16.8633 -0.801326 0.0107984 -0.59813 -14.7005 
-0.570418 0.111082 0.813809 197.763 0.0736405 0.993739 -0.084026 -16.9765 -0.818047 0.0119993 -0.575026 -15.3872 
-0.547556 0.10984 0.829529 198.732 0.0729236 0.993839 -0.0834619 -17.0895 -0.833586 0.0147922 -0.552192 -16.0135 
-0.518696 0.107104 0.848224 199.688 0.0747252 0.994005 -0.0798168 -17.1761 -0.851687 0.0219831 -0.523589 -16.6838 
-0.494507 0.103141 0.863032 200.708 0.0704645 0.994423 -0.0784688 -17.3104 -0.866312 0.0220098 -0.499017 -17.2434 
-0.466538 0.100397 0.878785 201.733 0.0669807 0.994695 -0.0780795 -17.4307 -0.881962 0.0224347 -0.470787 -17.8103 
-0.438046 0.0992643 0.893455 202.779 0.0646461 0.99479 -0.0788278 -17.5335 -0.896625 0.0232281 -0.442181 -18.3427 
-0.40738 0.0939806 0.90841 203.831 0.0619226 0.995244 -0.0751947 -17.6475 -0.911157 0.0256183 -0.411262 -18.8299 
-0.377039 0.0918601 0.921631 204.909 0.0641477 0.99527 -0.072957 -17.7343 -0.923973 0.0316128 -0.381148 -19.2726 
-0.323498 0.0859341 0.942318 205.713 0.0667371 0.99546 -0.0678694 -17.693 -0.943872 0.0409319 -0.327765 -20.1219 
-0.286292 0.0815487 0.954666 206.63 0.0630289 0.995816 -0.0661623 -17.8415 -0.956067 0.0412298 -0.290234 -20.8168 
-0.254941 0.0766135 0.963917 207.765 0.0601217 0.996183 -0.0632769 -17.934 -0.965086 0.0418205 -0.258574 -21.0973 
-0.221874 0.0763411 0.972082 208.907 0.0622632 0.996005 -0.0640085 -17.9794 -0.973085 0.0463231 -0.225741 -21.3533 
-0.186276 0.0734016 0.979752 210.064 0.0608338 0.996154 -0.0630643 -18.0565 -0.980612 0.0478547 -0.190024 -21.5943 
-0.150578 0.0673893 0.986299 211.218 0.0576404 0.996575 -0.0592915 -18.1446 -0.986916 0.0479227 -0.153946 -21.8153 
-0.115712 0.0602422 0.991454 212.358 0.0537312 0.997077 -0.0543129 -18.2529 -0.991828 0.0469874 -0.11861 -21.9428 
-0.0782136 0.0559836 0.995363 213.516 0.0538566 0.997201 -0.0518551 -18.3148 -0.995481 0.0495511 -0.0810098 -22.0597 
-0.0441304 0.0522392 0.997659 214.675 0.052839 0.997356 -0.0498861 -18.3886 -0.997627 0.0505138 -0.046774 -22.1015 
-0.00897338 0.0490993 0.998754 215.82 0.0531138 0.997407 -0.0485559 -18.4547 -0.998548 0.0526119 -0.011558 -22.1199 
0.0254248 0.0461109 0.998613 216.989 0.0530305 0.997467 -0.0474081 -18.5057 -0.998269 0.0541623 0.0229151 -22.096 
0.0583106 0.0433352 0.997357 218.147 0.0519814 0.99757 -0.0463836 -18.5732 -0.996944 0.0545486 0.0559163 -22.0317 
0.0907528 0.0411267 0.995024 219.303 0.0519425 0.997591 -0.0459703 -18.6466 -0.994518 0.0558559 0.088398 -21.9256 
0.12343 0.0355037 0.991718 220.454 0.05175 0.99777 -0.0421612 -18.7144 -0.991003 0.0565253 0.121317 -21.7993 
0.155412 0.0319114 0.987334 221.596 0.0508844 0.997893 -0.0402622 -18.7568 -0.986538 0.0564971 0.15346 -21.6341 
0.186516 0.0277517 0.98206 222.748 0.0521337 0.997913 -0.0381011 -18.7913 -0.981068 0.0583049 0.18468 -21.4394 
0.215369 0.0231758 0.976258 223.888 0.0522059 0.998015 -0.0352093 -18.8621 -0.975136 0.0585494 0.213732 -21.1879 
0.245526 0.0177276 0.969228 225.029 0.053297 0.998074 -0.0317565 -18.9117 -0.967924 0.0594539 0.244108 -20.9242 
0.275056 0.0108902 0.961366 226.168 0.0542499 0.998167 -0.0268285 -18.9598 -0.959896 0.0595334 0.273961 -20.6132 
0.305031 0.00281898 0.952338 227.298 0.0537873 0.998348 -0.0201831 -19.023 -0.950822 0.0573802 0.304376 -20.275 
0.333692 -0.00397253 0.942674 228.417 0.0545472 0.998397 -0.0151015 -19.0603 -0.941103 0.0564595 0.333373 -19.8801 
0.361211 -0.0104556 0.932425 229.524 0.056468 0.998347 -0.0106802 -19.0992 -0.930773 0.0565101 0.361205 -19.4469 
0.388735 -0.0137952 0.921246 230.612 0.0576692 0.998292 -0.00938561 -19.1186 -0.919543 0.0567761 0.388867 -18.9836 
0.416264 -0.0150952 0.909119 231.701 0.0569463 0.998332 -0.00949784 -19.1294 -0.907459 0.0557246 0.416429 -18.4906 
0.443722 -0.0172157 0.895999 232.781 0.0577595 0.998286 -0.0094229 -19.1404 -0.894301 0.0559336 0.443956 -17.9683 
0.470201 -0.0213554 0.882301 233.819 0.0607825 0.998117 -0.00823391 -19.1718 -0.880464 0.0575001 0.470614 -17.3956 
0.498177 -0.0255906 0.866698 234.872 0.065321 0.997832 -0.00808389 -19.173 -0.864611 0.0606407 0.498768 -16.8199 
0.523728 -0.0305445 0.851338 235.882 0.066654 0.997763 -0.0052064 -19.1893 -0.849274 0.0594718 0.524592 -16.1872 
0.548413 -0.0345026 0.835496 236.893 0.066152 0.997807 -0.00221627 -19.216 -0.833587 0.0564851 0.549493 -15.51 
0.572752 -0.0382007 0.818838 237.899 0.0653907 0.997859 0.000813731 -19.2468 -0.817117 0.0530783 0.574024 -14.8224 
0.598004 -0.0401079 0.800489 238.912 0.0654638 0.997854 0.00109211 -19.2605 -0.798815 0.0517499 0.599347 -14.1593 
0.620243 -0.0421361 0.783277 239.892 0.0657863 0.997832 0.00158464 -19.2677 -0.781646 0.050546 0.621671 -13.4321 
0.638756 -0.0443891 0.768128 240.829 0.0650194 0.997878 0.00359757 -19.2789 -0.766657 0.0476452 0.640287 -12.6416 
0.658417 -0.0475771 0.751148 241.792 0.0645328 0.997893 0.00663968 -19.2656 -0.749882 0.044102 0.6601 -11.8916 
0.676144 -0.0524656 0.734899 242.73 0.0651992 0.997809 0.0112486 -19.2756 -0.733879 0.0403092 0.678083 -11.0975 
0.691522 -0.051579 0.720511 243.627 0.0633621 0.997934 0.010626 -19.2523 -0.719571 0.038305 0.693362 -10.2568 
0.708197 -0.0544679 0.703911 244.537 0.0646479 0.997834 0.0121698 -19.2427 -0.703049 0.0368878 0.710184 -9.42227 
0.722509 -0.057602 0.688958 245.391 0.0660337 0.997717 0.0141672 -19.2563 -0.688201 0.0352585 0.724663 -8.527 
0.736627 -0.0597713 0.673652 246.227 0.0669008 0.997641 0.015363 -19.2447 -0.672982 0.0337511 0.738889 -7.61542 
0.750744 -0.0602014 0.657844 247.063 0.0653381 0.997723 0.0167398 -19.2319 -0.657354 0.030415 0.752968 -6.68703 
0.763995 -0.061802 0.642256 247.86 0.0648073 0.997719 0.0189154 -19.2056 -0.64196 0.0271716 0.766257 -5.72672 
0.776856 -0.0630305 0.626516 248.656 0.0647852 0.997698 0.0200419 -19.1894 -0.626337 0.0250193 0.779151 -4.76673 
0.788972 -0.0654112 0.610938 249.424 0.067218 0.997538 0.0199972 -19.1757 -0.610742 0.0252888 0.791426 -3.78247 
0.802245 -0.0663353 0.593298 250.23 0.0689866 0.997451 0.0182405 -19.1159 -0.592996 0.0262963 0.804776 -2.8223 
0.812611 -0.0680913 0.578815 250.942 0.0694047 0.99739 0.0198934 -19.0994 -0.578659 0.0240069 0.815216 -1.7813 
0.822766 -0.0704353 0.563999 251.668 0.0695989 0.997309 0.0230181 -19.0739 -0.564102 0.0203151 0.825455 -0.745095 
0.834434 -0.0759667 0.545847 252.423 0.0734748 0.996947 0.0264265 -19.0037 -0.546188 0.0180549 0.837468 0.275238 
0.841973 -0.075916 0.534152 253.014 0.073257 0.996968 0.0262199 -18.9881 -0.534523 0.017054 0.844982 1.40353 
0.84987 -0.0815999 0.520637 253.684 0.0787322 0.996512 0.0276644 -18.9477 -0.521078 0.0174797 0.85333 2.49639 
0.857092 -0.0841231 0.508248 254.332 0.079899 0.996346 0.0301721 -18.9206 -0.508929 0.0147482 0.860682 3.60578 
0.863023 -0.0854002 0.497893 254.96 0.0808967 0.996251 0.0306579 -18.8978 -0.498645 0.0138194 0.866696 4.73744 
0.869295 -0.0876147 0.486466 255.597 0.0826774 0.996073 0.031656 -18.8629 -0.48733 0.0127013 0.873126 5.87374 
0.873848 -0.0883403 0.478106 256.198 0.0828147 0.996029 0.0326748 -18.8352 -0.479094 0.0110414 0.877694 7.02406 
0.88014 -0.0873098 0.466615 256.945 0.081219 0.996143 0.0331943 -18.7732 -0.467714 0.0086824 0.883837 8.09979 
0.882244 -0.0907028 0.461972 257.491 0.0835548 0.995854 0.0359566 -18.7336 -0.463318 0.00687742 0.886166 9.29444 
0.884803 -0.0906702 0.457059 258.113 0.0832609 0.995864 0.0363755 -18.7029 -0.458467 0.00586997 0.888692 10.4554 
0.886909 -0.0917928 0.452733 258.712 0.083945 0.995767 0.0374451 -18.6634 -0.454253 0.00479424 0.89086 11.6328 
0.888496 -0.0924844 0.449469 259.29 0.0835695 0.995711 0.0396839 -18.6281 -0.451211 0.00230293 0.892414 12.8259 
0.890492 -0.0947048 0.445035 259.886 0.0858404 0.995502 0.0400839 -18.549 -0.446829 0.00250762 0.894616 14.014 
0.892719 -0.0973945 0.439963 260.529 0.0883846 0.995243 0.0409774 -18.4759 -0.441862 0.00230466 0.89708 15.1773 
0.894557 -0.0983985 0.435987 261.114 0.0889956 0.995146 0.0419948 -18.426 -0.438003 0.00123421 0.898972 16.3764 
0.896978 -0.0965278 0.431407 261.736 0.0871458 0.99533 0.0415132 -18.4008 -0.4334 0.000358864 0.901202 17.5619 
0.898476 -0.0983833 0.427857 262.279 0.0886584 0.995149 0.042651 -18.3436 -0.429978 -0.000387744 0.902839 18.7854 
0.900752 -0.100586 0.422527 262.897 0.090115 0.994926 0.0447403 -18.2732 -0.424883 -0.00222388 0.905245 19.9741 
0.901503 -0.0996478 0.421144 263.416 0.0890773 0.995019 0.0447542 -18.2455 -0.423505 -0.00283172 0.905889 21.2079 
0.902364 -0.0972824 0.419852 263.966 0.0867343 0.995251 0.044193 -18.2006 -0.422158 -0.00346253 0.906516 22.4312 
0.902378 -0.0978851 0.419681 264.467 0.0870317 0.995189 0.0449836 -18.1728 -0.422065 -0.00406665 0.906556 23.6712 
0.903652 -0.0969398 0.417151 265.068 0.0868155 0.995286 0.0432261 -18.0909 -0.419375 -0.00284618 0.907809 24.8594 
0.904146 -0.10076 0.415172 265.661 0.0906638 0.994908 0.0440146 -17.9977 -0.417493 -0.00215458 0.908678 26.0574 
0.90453 -0.100158 0.414481 266.208 0.0903796 0.99497 0.0431933 -17.9734 -0.416722 -0.00160902 0.909032 27.2741 
