1 0 0 0 0 1 0 0 0 0 1 0 
0.999999 0.000791964 0.00109064 0.0021592 -0.000787178 0.99999 -0.0043816 -0.00637335 -0.0010941 0.00438074 0.99999 0.961905 
0.999993 -0.00149939 0.00328815 -0.036293 0.00151652 0.999985 -0.00521517 -0.00566266 -0.00328028 0.00522012 0.999981 1.92446 
0.99999 -0.00370067 0.00267385 -0.0212086 0.00370412 0.999992 -0.00128394 0.000882464 -0.00266908 0.00129383 0.999996 2.88807 
0.999985 -0.00525573 0.00183437 -0.0143582 0.00524805 0.999978 0.00416599 -0.00182131 -0.00185622 -0.00415629 0.99999 3.84892 
0.999965 -0.00837831 0.000465705 -0.0138217 0.00837622 0.999956 0.00431877 -0.00163628 -0.000501869 -0.00431471 0.999991 4.80758 
0.99993 -0.0118551 -0.000267611 -0.0247348 0.0118557 0.999928 0.00205997 -0.011897 0.00024317 -0.002063 0.999998 5.74021 
0.999928 -0.0119692 -0.00118108 -0.0209682 0.0119684 0.999928 -0.000622376 -0.0311802 0.00118844 0.000608196 0.999999 6.67754 
0.999928 -0.0117736 -0.00243453 -0.014559 0.0117708 0.99993 -0.00116805 -0.0322497 0.00244811 0.00113931 0.999996 7.6075 
0.999935 -0.0105294 -0.00429598 0.00800949 0.0105298 0.999945 6.45647e-05 -0.0123968 0.00429507 -0.000109796 0.999991 8.53648 
0.999942 -0.00978453 -0.0044712 -0.00725981 0.0097952 0.999949 0.00237198 -0.00460713 0.00444777 -0.00241564 0.999987 9.46683 
0.999919 -0.011059 -0.00632772 -0.00303422 0.0110878 0.999928 0.00453488 -0.012119 0.00627711 -0.00460467 0.99997 10.39 
0.999928 -0.0112514 -0.0040719 -0.0658722 0.0112765 0.999917 0.00619647 -0.0282568 0.00400184 -0.00624194 0.999973 11.3385 
0.999926 -0.0105252 -0.00604149 -0.0450959 0.010562 0.999926 0.00609839 -0.022266 0.00597686 -0.00616175 0.999963 12.2224 
0.999876 -0.0136874 -0.0077831 -0.0279572 0.0137341 0.999888 0.00598223 -0.0267435 0.00770034 -0.00608838 0.999952 13.1323 
0.999862 -0.0139412 -0.00898723 -0.0438743 0.0139774 0.999894 0.00397636 -0.0203599 0.00893084 -0.00410143 0.999952 14.0408 
0.999839 -0.0147869 -0.0101348 -0.0647611 0.0148226 0.999884 0.00346228 -0.0346865 0.0100824 -0.00361194 0.999943 14.9448 
0.999828 -0.0142433 -0.0118539 -0.0738875 0.014278 0.999894 0.00285034 -0.0297643 0.011812 -0.0030191 0.999926 15.8457 
0.999821 -0.013594 -0.0131462 -0.098491 0.0136251 0.999905 0.00227818 -0.0284821 0.013114 -0.00245689 0.999911 16.7425 
0.999828 -0.0112294 -0.0147478 -0.115363 0.0112613 0.999934 0.00207763 -0.0225108 0.0147235 -0.00224335 0.999889 17.6342 
0.999833 -0.0115469 -0.0141889 -0.165539 0.0115808 0.99993 0.00230868 -0.0103532 0.0141613 -0.00247261 0.999897 18.5249 
0.999805 -0.0116977 -0.0158856 -0.17894 0.0117549 0.999925 0.00350821 -0.0123389 0.0158434 -0.00369426 0.999868 19.4125 
0.999828 -0.0106152 -0.0152081 -0.219806 0.0106844 0.999933 0.00447642 -0.0229045 0.0151595 -0.00463814 0.999874 20.2924 
0.999751 -0.0139493 -0.017419 -0.227347 0.0140538 0.999884 0.00589399 -0.0489669 0.0173348 -0.00613732 0.999831 21.1663 
0.999707 -0.0152545 -0.0188173 -0.252694 0.0153428 0.999872 0.00455298 -0.0334881 0.0187455 -0.00484036 0.999813 22.035 
0.999682 -0.0152911 -0.0200605 -0.273075 0.0153908 0.99987 0.00482696 -0.027446 0.019984 -0.00513417 0.999787 22.8979 
0.999661 -0.0145086 -0.0216307 -0.285341 0.0146474 0.999873 0.00627061 -0.0139128 0.021537 -0.00658532 0.999746 23.7548 
0.999639 -0.0153755 -0.0220251 -0.324056 0.0155652 0.999843 0.00846842 0.00755543 0.0218914 -0.00880819 0.999722 24.6116 
0.999642 -0.0150816 -0.0221178 -0.359221 0.0153003 0.999835 0.0097533 0.0225325 0.021967 -0.0100882 0.999708 25.4377 
0.99965 -0.0131412 -0.0229462 -0.370547 0.01333 0.999878 0.00809496 0.038318 0.022837 -0.008398 0.999704 26.2617 
0.999632 -0.0127501 -0.0239367 -0.388578 0.012889 0.999901 0.00565957 0.0284883 0.0238622 -0.00596601 0.999697 27.0759 
0.999615 -0.0122437 -0.0249093 -0.406918 0.0123478 0.999916 0.00402767 0.0358266 0.0248578 -0.0043337 0.999682 27.8726 
0.999603 -0.0115463 -0.0257037 -0.444174 0.0116405 0.999926 0.00351724 0.0407476 0.0256611 -0.00381504 0.999663 28.6647 
0.999563 -0.0116674 -0.0271546 -0.454899 0.0117515 0.999927 0.00293731 0.0461822 0.0271183 -0.00325513 0.999627 29.4501 
0.999527 -0.0108305 -0.028772 -0.490067 0.0108904 0.999939 0.00192625 0.0595417 0.0287494 -0.00223868 0.999584 30.2214 
0.999475 -0.010249 -0.0307269 -0.511588 0.0103169 0.999945 0.002052 0.0525271 0.0307042 -0.00236793 0.999526 30.9882 
0.999465 -0.00820234 -0.0316688 -0.552715 0.00826729 0.999964 0.0019206 0.0813441 0.0316519 -0.00218138 0.999497 31.747 
0.999395 -0.00890451 -0.0336262 -0.578629 0.00907935 0.999946 0.00505049 0.0667842 0.0335794 -0.00535273 0.999422 32.4911 
0.999407 -0.00670622 -0.0337883 -0.636064 0.00689259 0.999962 0.00540232 0.0983629 0.0337508 -0.005632 0.999414 33.2263 
0.99936 -0.00480103 -0.0354336 -0.667149 0.005009 0.999971 0.00578289 0.0958803 0.0354048 -0.00595668 0.999355 33.954 
0.999278 -0.00237408 -0.0379183 -0.691765 0.00256929 0.999984 0.00510015 0.101403 0.0379056 -0.00519389 0.999268 34.696 
0.999248 0.00102002 -0.0387653 -0.743987 -0.000824881 0.999987 0.00504956 0.0954389 0.0387699 -0.00501378 0.999236 35.3847 
0.9992 0.00154986 -0.0399735 -0.772104 -0.00129306 0.999978 0.00644929 0.0979119 0.0399826 -0.00639243 0.99918 36.0777 
0.999237 0.00307604 -0.0389299 -0.850041 -0.00282699 0.999975 0.00645083 0.146648 0.0389488 -0.00633585 0.999221 36.7601 
0.999216 0.00659331 -0.039049 -0.877616 -0.00632019 0.999955 0.00711368 0.144671 0.0390941 -0.0068613 0.999212 37.4366 
0.999267 0.010182 -0.0368975 -0.945584 -0.0100207 0.999939 0.00455413 0.176551 0.0369417 -0.00418106 0.999309 38.0955 
0.999321 0.0105621 -0.0352993 -0.980274 -0.0105173 0.999944 0.00145204 0.17861 0.0353126 -0.0010798 0.999376 38.7477 
0.999374 0.0107051 -0.0337309 -0.994131 -0.0107289 0.999942 -0.000524404 0.19197 0.0337234 0.000885973 0.999431 39.3851 
0.99947 0.0117658 -0.030367 -1.02424 -0.0117737 0.999931 -8.24034e-05 0.204503 0.030364 0.000439893 0.999539 40.0218 
0.999492 0.016764 -0.0271083 -1.05581 -0.0166957 0.999857 0.00274516 0.205916 0.0271505 -0.00229117 0.999629 40.6711 
0.999505 0.0211777 -0.0232506 -1.07761 -0.0210259 0.999756 0.00675442 0.193652 0.023388 -0.00626221 0.999707 41.2765 
0.999451 0.027005 -0.0191771 -1.08252 -0.026864 0.99961 0.00757567 0.196755 0.0193742 -0.00705634 0.999787 41.8758 
0.999435 0.0308409 -0.013395 -1.10919 -0.0307341 0.999495 0.00810387 0.196607 0.0136382 -0.0076876 0.999877 42.4603 
0.999373 0.0345844 -0.00761196 -1.11328 -0.0345055 0.999352 0.0102652 0.201978 0.00796204 -0.0099961 0.999918 43.0291 
0.999217 0.0394986 -0.00238702 -1.08378 -0.0394674 0.99915 0.0119408 0.197937 0.00285664 -0.0118373 0.999926 43.5766 
0.999137 0.0413345 0.00405729 -1.07319 -0.0413795 0.999075 0.0116962 0.202644 -0.00357008 -0.0118539 0.999923 44.1036 
0.998953 0.0443222 0.0113161 -1.07078 -0.0444573 0.998939 0.0119832 0.200654 -0.010773 -0.0124738 0.999864 44.6112 
0.998618 0.0489687 0.0190881 -1.07003 -0.0492052 0.998715 0.0121224 0.190032 -0.01847 -0.0130449 0.999744 45.0945 
0.998172 0.0537822 0.0275591 -1.07782 -0.0540743 0.998487 0.00996519 0.178651 -0.0269814 -0.0114372 0.999571 45.5583 
0.997813 0.0555416 0.0358371 -1.06235 -0.0558386 0.998413 0.00733965 0.17321 -0.0353726 -0.0093247 0.999331 45.9976 
0.997413 0.0563568 0.0446294 -1.06651 -0.0567559 0.998358 0.00772706 0.17242 -0.0441207 -0.0102401 0.998974 46.4195 
0.997131 0.0548039 0.0522182 -1.03801 -0.0553813 0.998418 0.00967423 0.171225 -0.0516054 -0.0125384 0.998589 46.816 
0.996621 0.0559974 0.0600957 -1.01693 -0.0567374 0.998332 0.0106767 0.170575 -0.0593976 -0.0140503 0.998136 47.1879 
0.995818 0.0595121 0.0693203 -1.00274 -0.0604268 0.99811 0.0111711 0.175479 -0.0685245 -0.0153132 0.997532 47.5509 
0.994862 0.064437 0.0780839 -0.968357 -0.0654409 0.997803 0.0103638 0.191072 -0.0772445 -0.0154204 0.996893 47.8603 
0.993772 0.0685581 0.0878429 -0.961508 -0.0697641 0.997506 0.0107295 0.188515 -0.0868882 -0.016791 0.996077 48.1594 
0.992794 0.0688497 0.0980775 -0.9547 -0.070349 0.997451 0.0119074 0.196828 -0.0970077 -0.0187212 0.995108 48.4352 
0.991702 0.067003 0.109719 -0.952674 -0.0685656 0.997591 0.0105272 0.21367 -0.108749 -0.0179627 0.993907 48.7025 
0.990283 0.0650449 0.122917 -0.967735 -0.0663885 0.99777 0.00686291 0.223036 -0.122197 -0.0149565 0.992393 48.9635 
0.988749 0.0671317 0.133675 -0.82295 -0.0681019 0.997675 0.00269403 0.226916 -0.133183 -0.0117672 0.991022 49.1792 
0.986448 0.0686911 0.149 -0.770555 -0.0696298 0.997572 0.00108629 0.236291 -0.148564 -0.0114464 0.988837 49.4317 
0.983691 0.0704556 0.165492 -0.726232 -0.071522 0.997439 0.000485672 0.239314 -0.165034 -0.0123141 0.986211 49.6951 
0.978223 0.0706002 0.195182 -0.938801 -0.0722416 0.997386 0.0012946 0.23605 -0.194581 -0.0153667 0.980766 49.8105 
0.974606 0.0694629 0.212882 -0.865062 -0.071457 0.997442 0.00167779 0.233133 -0.212221 -0.0168471 0.977076 50.0513 
0.970155 0.0683561 0.232653 -0.799902 -0.0709543 0.997476 0.00280702 0.231386 -0.231874 -0.019231 0.972556 50.2987 
0.964967 0.0683457 0.253312 -0.748387 -0.0714101 0.997443 0.00291118 0.224928 -0.252466 -0.0208983 0.96738 50.5326 
0.959327 0.0700877 0.273459 -0.651916 -0.0732357 0.997314 0.0013075 0.224751 -0.272633 -0.0212813 0.961883 50.7624 
0.952171 0.0710181 0.297197 -0.609833 -0.0744703 0.997223 0.000294465 0.23006 -0.296351 -0.0224127 0.954816 51.0087 
0.944065 0.0719946 0.321804 -0.531436 -0.0762255 0.99709 0.000548911 0.221089 -0.320828 -0.0250479 0.946806 51.2515 
0.934694 0.075111 0.347426 -0.424797 -0.0800754 0.996789 -6.86348e-05 0.221238 -0.346316 -0.0277561 0.937707 51.4862 
0.923825 0.0780739 0.374769 -0.320712 -0.0840413 0.996462 -0.000422162 0.198381 -0.373476 -0.031106 0.927118 51.7278 
0.911642 0.0790936 0.403303 -0.211146 -0.0861017 0.996286 -0.000758491 0.19355 -0.401865 -0.0340336 0.915066 51.9597 
0.898227 0.075543 0.432992 -0.0705836 -0.0838117 0.996482 1.08914e-05 0.202704 -0.431468 -0.0362996 0.901398 52.1799 
0.88235 0.0712283 0.465173 0.0701413 -0.0811759 0.996699 0.00135946 0.188639 -0.463541 -0.0389604 0.885219 52.4069 
0.863992 0.0679911 0.498893 0.226879 -0.0789502 0.996878 0.000868977 0.172085 -0.497277 -0.0401385 0.866663 52.6229 
0.843128 0.0661566 0.533627 0.352982 -0.0778659 0.996964 -0.000571034 0.136819 -0.532045 -0.0410699 0.84572 52.8623 
0.820728 0.0645844 0.567656 0.552185 -0.0768453 0.99704 -0.00233266 0.135452 -0.566127 -0.0417072 0.823262 53.0702 
0.795797 0.0644338 0.602125 0.772869 -0.0774435 0.996987 -0.00433529 0.130643 -0.600591 -0.0431807 0.79839 53.2747 
0.76744 0.0670576 0.637604 0.986621 -0.0811213 0.996678 -0.00718176 0.122595 -0.635968 -0.0462118 0.77033 53.4906 
0.736109 0.0710511 0.673123 1.21241 -0.086107 0.996225 -0.0109916 0.120927 -0.671363 -0.0498696 0.739449 53.7267 
0.70274 0.0710109 0.707894 1.48909 -0.0882183 0.996025 -0.0123382 0.112468 -0.705956 -0.0537786 0.706211 53.9289 
0.665658 0.0668911 0.743253 1.78356 -0.0893097 0.995957 -0.00964811 0.0985891 -0.740893 -0.0599573 0.668941 54.1352 
0.626706 0.0629966 0.776705 2.1198 -0.090365 0.995878 -0.00785969 0.0828775 -0.773998 -0.0652612 0.629815 54.3307 
0.583948 0.0603287 0.809546 2.46798 -0.0920495 0.995724 -0.0078051 0.0765501 -0.806555 -0.0699605 0.587004 54.5263 
0.537716 0.0557086 0.841284 2.8386 -0.091699 0.99576 -0.00732731 0.0754227 -0.838125 -0.0732049 0.540544 54.7014 
0.489295 0.0510862 0.870621 3.23161 -0.0929496 0.995652 -0.00618439 0.0730012 -0.867151 -0.0778978 0.491916 54.8708 
0.44019 0.0483772 0.8966 3.6394 -0.0964017 0.995322 -0.00637497 0.0710127 -0.892715 -0.0836276 0.442795 55.0344 
0.390526 0.0461239 0.919436 4.07201 -0.101318 0.99483 -0.00687175 0.0527691 -0.915 -0.0904718 0.39318 55.1829 
0.33967 0.0475874 0.93934 4.51445 -0.106393 0.994253 -0.0118969 0.0472971 -0.934508 -0.0958983 0.342781 55.3212 
0.290326 0.0435369 0.955937 4.97628 -0.106756 0.994202 -0.012857 0.0416006 -0.950954 -0.0983189 0.293291 55.4291 
0.244007 0.0305588 0.969292 5.46138 -0.105717 0.994385 -0.00473696 0.0326877 -0.963994 -0.101315 0.245868 55.4943 
0.200315 0.0158489 0.979603 5.96497 -0.106782 0.994266 0.00574919 0.0343024 -0.973895 -0.105755 0.200859 55.5512 
0.157916 0.00403123 0.987444 6.48617 -0.104617 0.994432 0.0126711 0.0565648 -0.981895 -0.105305 0.157459 55.623 
0.11996 0.000334546 0.992779 7.00059 -0.102506 0.994659 0.012051 0.0682465 -0.987473 -0.103212 0.119354 55.6619 
0.0877548 -0.0101916 0.99609 7.5343 -0.10017 0.994789 0.0190032 0.0842683 -0.991093 -0.101446 0.0862766 55.6768 
0.0587095 -0.0176703 0.998119 8.08768 -0.101413 0.994565 0.0235725 0.0849524 -0.993111 -0.102606 0.0565985 55.685 
0.0343615 -0.0260667 0.999069 8.65427 -0.102778 0.994268 0.0294763 0.0991045 -0.994111 -0.103695 0.0314854 55.6783 
0.0142551 -0.0324217 0.999373 9.23152 -0.103289 0.99408 0.0337233 0.135254 -0.994549 -0.103705 0.0108219 55.6751 
-0.00143184 -0.0349579 0.999388 9.81436 -0.101386 0.994244 0.0346327 0.158396 -0.994846 -0.101274 -0.00496784 55.6719 
-0.0147627 -0.0363502 0.99923 10.4196 -0.101862 0.994195 0.0346621 0.18168 -0.994689 -0.101271 -0.0183797 55.649 
-0.0264865 -0.0368104 0.998971 11.0203 -0.100645 0.994342 0.0339713 0.20841 -0.99457 -0.0996418 -0.0300414 55.6221 
-0.03567 -0.04154 0.9985 11.639 -0.097784 0.994487 0.0378799 0.236625 -0.994568 -0.0962861 -0.0395353 55.5855 
-0.0426346 -0.044216 0.998112 12.2694 -0.095985 0.99458 0.0399595 0.259551 -0.994469 -0.0941001 -0.0466476 55.5517 
-0.0468034 -0.0449497 0.997892 12.9066 -0.0962355 0.994543 0.0402852 0.303083 -0.994258 -0.0941471 -0.0508738 55.5103 
-0.0524014 -0.0421063 0.997738 13.5602 -0.0983183 0.994474 0.0368048 0.340668 -0.993774 -0.0961672 -0.0562516 55.5303 
-0.055461 -0.0406329 0.997634 14.222 -0.104759 0.993894 0.0346568 0.378424 -0.99295 -0.102589 -0.059379 55.5171 
-0.056705 -0.0421541 0.997501 14.9028 -0.110559 0.993229 0.0356886 0.419519 -0.992251 -0.108259 -0.0609816 55.4966 
-0.0568983 -0.045321 0.997351 15.5874 -0.113658 0.992769 0.0386286 0.435658 -0.991889 -0.111159 -0.0616379 55.4318 
-0.0580346 -0.0491979 0.997102 16.277 -0.110459 0.992969 0.0425649 0.4938 -0.992185 -0.107668 -0.0630608 55.4261 
-0.0577454 -0.0516059 0.996997 16.9731 -0.103829 0.993558 0.0454142 0.531506 -0.992917 -0.100895 -0.0627316 55.3943 
-0.0551489 -0.0533253 0.997053 17.6732 -0.0954417 0.994282 0.047898 0.596088 -0.993906 -0.092519 -0.059923 55.3574 
-0.0528197 -0.0549297 0.997092 18.3924 -0.0953159 0.994205 0.0497213 0.636176 -0.994045 -0.0924125 -0.0577493 55.3096 
-0.0510959 -0.0540187 0.997232 19.1285 -0.099352 0.993858 0.0487454 0.68654 -0.99374 -0.0965863 -0.0561489 55.2695 
-0.0483273 -0.0530505 0.997422 19.8646 -0.105195 0.993305 0.0477346 0.735541 -0.993277 -0.102617 -0.0535844 55.2254 
-0.0450378 -0.0522804 0.997616 20.5985 -0.106106 0.993231 0.0472603 0.794613 -0.993334 -0.103725 -0.0502802 55.206 
-0.0417976 -0.059696 0.997341 21.3249 -0.101272 0.993326 0.0552114 0.834537 -0.99398 -0.0986951 -0.0475641 55.1855 
-0.0393022 -0.0615175 0.997332 22.0526 -0.0948468 0.993826 0.0575636 0.896929 -0.994716 -0.0923314 -0.0448943 55.1667 
-0.0365497 -0.0534932 0.997899 22.788 -0.0933112 0.994386 0.0498873 0.943747 -0.994966 -0.0912918 -0.041336 55.1267 
-0.0327343 -0.0495094 0.998237 23.5172 -0.0964845 0.994264 0.0461484 0.986219 -0.994796 -0.0948038 -0.0373234 55.0961 
-0.0275028 -0.0535191 0.998188 24.2596 -0.100599 0.993644 0.0505038 1.01985 -0.994547 -0.0990276 -0.032712 55.0674 
-0.0240852 -0.0579065 0.998031 24.9981 -0.0995673 0.993496 0.0552405 1.07498 -0.994739 -0.0980408 -0.0296942 55.0641 
-0.0217191 -0.0570695 0.998134 25.7214 -0.0946775 0.994 0.054773 1.12527 -0.995271 -0.0933112 -0.026992 55.0515 
-0.0176732 -0.053171 0.998429 26.4556 -0.0945314 0.994201 0.0512725 1.1497 -0.995365 -0.0934767 -0.0225971 55.0229 
-0.0142062 -0.0521702 0.998537 27.1943 -0.0960404 0.994092 0.0505715 1.1671 -0.995276 -0.0951815 -0.0191327 55.0132 
-0.0103211 -0.0535858 0.99851 27.9345 -0.0995224 0.99366 0.0522968 1.17571 -0.994982 -0.0988343 -0.0155887 54.968 
-0.00665683 -0.058237 0.998281 28.6695 -0.099283 0.993409 0.0572908 1.2185 -0.995037 -0.0987309 -0.0123949 54.9649 
-0.00252628 -0.061545 0.998101 29.4039 -0.0977845 0.993336 0.0610037 1.2769 -0.995204 -0.0974447 -0.00852759 54.9528 
0.000290683 -0.0621365 0.998068 30.1375 -0.0978165 0.99328 0.0618669 1.33512 -0.995204 -0.0976455 -0.00578925 54.9468 
0.00189087 -0.0637127 0.997966 30.8739 -0.0983426 0.993119 0.0635896 1.41012 -0.995151 -0.0982629 -0.00438781 54.9822 
0.00543036 -0.0654547 0.997841 31.615 -0.0992516 0.992893 0.0656703 1.45712 -0.995048 -0.0993939 -0.00110472 54.9784 
0.0081377 -0.0665085 0.997753 32.3523 -0.0995672 0.992773 0.0669887 1.51798 -0.994998 -0.0998885 0.00145683 54.9997 
0.0121536 -0.0634592 0.99791 33.0931 -0.0970708 0.993196 0.0643416 1.58806 -0.995203 -0.0976499 0.00591088 54.9911 
0.0150386 -0.0650059 0.997772 33.8356 -0.096585 0.993124 0.0661588 1.65197 -0.995211 -0.0973647 0.00865655 54.996 
0.0170399 -0.0626332 0.997891 34.5828 -0.0969957 0.993225 0.0639966 1.70786 -0.995139 -0.0978817 0.0108493 55.0193 
0.0196164 -0.0607132 0.997962 35.3286 -0.0974503 0.993286 0.0623442 1.7347 -0.995047 -0.0984748 0.0135682 55.0155 
0.0215537 -0.0602687 0.997949 36.0827 -0.0977373 0.993273 0.0620972 1.80129 -0.994979 -0.0988753 0.0155182 55.0526 
0.0241196 -0.0582827 0.998009 36.8365 -0.0962544 0.993526 0.0603472 1.84843 -0.995064 -0.0975183 0.0183535 55.0811 
0.0275807 -0.0570513 0.99799 37.591 -0.0923545 0.993954 0.0593729 1.90622 -0.995344 -0.0938065 0.022145 55.0966 
0.031115 -0.0592912 0.997756 38.3528 -0.0909156 0.993933 0.0618992 1.96203 -0.995372 -0.0926375 0.0255357 55.1187 
0.0335779 -0.052827 0.998039 39.1179 -0.0889333 0.994483 0.0556308 2.01675 -0.995471 -0.0906268 0.0286946 55.153 
0.0353342 -0.0467217 0.998283 39.8919 -0.0900186 0.994697 0.04974 2.0531 -0.995313 -0.0916216 0.030941 55.1904 
0.0388782 -0.0493869 0.998023 40.6688 -0.0893185 0.994608 0.0526974 2.10214 -0.995244 -0.0911907 0.0342574 55.2344 
0.0422505 -0.0465785 0.998021 41.4488 -0.0881346 0.994845 0.0501614 2.13526 -0.995212 -0.0900795 0.0379275 55.253 
0.0461347 -0.0431291 0.998004 42.2343 -0.0877405 0.995031 0.0470566 2.18182 -0.995074 -0.0897363 0.0421213 55.3004 
0.0493064 -0.0397469 0.997993 43.0286 -0.0897381 0.99499 0.0440609 2.20655 -0.994744 -0.0917304 0.0454926 55.3299 
0.0559332 -0.0393172 0.99766 43.8406 -0.0907867 0.994885 0.0442977 2.21978 -0.994298 -0.093052 0.0520776 55.3281 
0.0611298 -0.0349284 0.997518 44.618 -0.0870841 0.99539 0.0401906 2.25872 -0.994324 -0.0893249 0.0578063 55.3948 
0.0673383 -0.033555 0.997166 45.4107 -0.0783592 0.996169 0.038813 2.30663 -0.994648 -0.0807507 0.064451 55.4527 
0.0751033 -0.0328359 0.996635 46.2165 -0.0733173 0.996571 0.0383587 2.35836 -0.994477 -0.0759515 0.0724383 55.5134 
0.0824945 -0.0285908 0.996181 47.0343 -0.0702965 0.996932 0.0344337 2.40847 -0.994109 -0.0728687 0.0802315 55.5901 
0.0874318 -0.0232681 0.995899 47.8301 -0.0733451 0.996863 0.0297297 2.42345 -0.993467 -0.0756437 0.085451 55.6816 
0.0954377 -0.0232503 0.995164 48.6494 -0.0753833 0.996688 0.0305153 2.44709 -0.992577 -0.0779311 0.0933689 55.7501 
0.102813 -0.0216177 0.994466 49.4688 -0.0785808 0.996463 0.0297852 2.47618 -0.991592 -0.0812082 0.100751 55.83 
0.110584 -0.0194429 0.993677 50.2894 -0.0838649 0.99606 0.0288227 2.52304 -0.990322 -0.0865219 0.108518 55.9248 
0.117406 -0.0167519 0.992943 51.1036 -0.0916035 0.995412 0.0276248 2.55664 -0.98885 -0.0942003 0.115333 56.0391 
0.127323 -0.018251 0.991693 51.9311 -0.0934529 0.995162 0.0303132 2.59537 -0.987449 -0.0965362 0.125002 56.1334 
0.135358 -0.0194616 0.990606 52.7204 -0.0911008 0.995327 0.0320026 2.62687 -0.9866 -0.0945767 0.132953 56.2388 
0.141357 -0.0229689 0.989692 53.508 -0.0832642 0.995912 0.0350058 2.68613 -0.986451 -0.0873543 0.138867 56.373 
0.146505 -0.0217839 0.98897 54.2942 -0.0795273 0.996262 0.0337256 2.72813 -0.986008 -0.0835911 0.144225 56.4905 
0.151335 -0.0190851 0.988298 55.0599 -0.0776196 0.996497 0.031129 2.74358 -0.98543 -0.0814222 0.149324 56.6168 
0.156191 -0.0163771 0.987591 55.8286 -0.0778453 0.996548 0.0288372 2.78808 -0.984654 -0.0813834 0.154377 56.7508 
0.162165 -0.0215016 0.986529 56.6089 -0.0796135 0.996218 0.0347997 2.82072 -0.983547 -0.0841844 0.15984 56.8679 
0.166118 -0.0218005 0.985865 57.3548 -0.085825 0.995642 0.0364782 2.85308 -0.982364 -0.0906715 0.163523 57.0056 
0.168375 -0.0186407 0.985547 58.1052 -0.0926944 0.995091 0.0346575 2.87724 -0.981355 -0.0971901 0.165821 57.1493 
0.17045 -0.013609 0.985272 58.8467 -0.0973128 0.994784 0.0305753 2.89954 -0.980549 -0.101091 0.168236 57.2996 
0.173795 -0.0118791 0.98471 59.5769 -0.0976394 0.994792 0.0292335 2.92656 -0.97993 -0.101227 0.17173 57.4177 
0.175357 -0.00928278 0.984461 60.2941 -0.0961753 0.995011 0.0265135 2.94761 -0.979796 -0.0993302 0.17359 57.5528 
0.175508 -0.00450834 0.984468 60.9936 -0.0926273 0.995478 0.0210721 2.97761 -0.980111 -0.0948869 0.174296 57.7177 
0.179946 -0.0038869 0.983669 61.6969 -0.0897257 0.995759 0.0203485 2.97733 -0.979576 -0.091922 0.178834 57.8094 
0.182959 -0.00482827 0.983109 62.3816 -0.0854366 0.996127 0.0207922 2.98118 -0.979401 -0.0877976 0.181838 57.929 
0.185255 -0.00478115 0.982679 63.0659 -0.0840362 0.996248 0.0206897 2.98192 -0.979091 -0.0864135 0.184158 58.0295 
0.186115 -0.00143154 0.982527 63.7356 -0.0852059 0.996208 0.0175916 2.99276 -0.978826 -0.0869912 0.185288 58.1717 
0.18703 -0.00224528 0.982352 64.4029 -0.0888218 0.995863 0.0191869 3.0006 -0.97833 -0.0908428 0.186057 58.2855 
0.188424 -0.00279608 0.982084 65.0615 -0.0915744 0.995589 0.0204041 3.00695 -0.977809 -0.0937783 0.187337 58.4007 
0.189177 -0.00243011 0.98194 65.7079 -0.0937347 0.995386 0.020522 3.00203 -0.977459 -0.0959241 0.188077 58.5016 
0.186765 -0.000330351 0.982405 66.3409 -0.0952124 0.995286 0.0184355 3.00192 -0.97778 -0.0969802 0.185853 58.626 
0.184816 0.00106661 0.982773 66.9655 -0.0945973 0.995375 0.0167093 3.01562 -0.97821 -0.0960558 0.184062 58.7496 
0.183081 0.002094 0.983096 67.5984 -0.0921598 0.995631 0.0150422 3.0213 -0.978768 -0.0933559 0.182474 58.8481 
0.179197 0.00059906 0.983813 68.175 -0.0874202 0.996054 0.0153167 3.03212 -0.979921 -0.0887498 0.178543 58.9712 
0.177635 -0.00196954 0.984094 68.7847 -0.0859898 0.996142 0.0175153 3.05085 -0.980332 -0.0877334 0.17678 59.0781 
0.175653 -0.00118436 0.984451 69.3698 -0.0872625 0.996044 0.0167683 3.06997 -0.980577 -0.0888511 0.174855 59.1773 
0.173335 -0.00172199 0.984861 69.9547 -0.0901775 0.99577 0.0176123 3.09148 -0.980726 -0.0918651 0.172447 59.2777 
0.171225 -0.00214407 0.98523 70.527 -0.0940064 0.9954 0.0185037 3.10003 -0.980737 -0.0957862 0.170235 59.3782 
0.169216 -0.00550558 0.985564 71.0814 -0.0936144 0.995373 0.0216335 3.11423 -0.981123 -0.0959237 0.167918 59.477 
0.167274 -0.00932036 0.985866 71.63 -0.0908461 0.995555 0.024826 3.13219 -0.981716 -0.0937149 0.165684 59.5687 
0.164775 -0.0153352 0.986212 72.1742 -0.0875921 0.995701 0.0301175 3.1597 -0.982434 -0.0913469 0.162723 59.661 
0.163525 -0.0155745 0.986416 72.7147 -0.0857316 0.995868 0.0299361 3.18813 -0.982807 -0.0894623 0.161514 59.7492 
0.162158 -0.0146167 0.986657 73.2541 -0.0831645 0.99613 0.0284252 3.20954 -0.983254 -0.0866642 0.160315 59.8413 
0.161426 -0.0171955 0.986735 73.8032 -0.084352 0.995949 0.0311558 3.23147 -0.983273 -0.0882624 0.159322 59.9156 
0.163136 -0.0225669 0.986345 74.3517 -0.0834743 0.995838 0.0365903 3.25993 -0.983066 -0.0883037 0.160574 59.9642 
0.165015 -0.0289539 0.985866 74.8948 -0.0830102 0.995615 0.0431346 3.30834 -0.982792 -0.0889548 0.161888 60.0647 
0.16707 -0.0328615 0.985397 75.443 -0.082672 0.995458 0.0472137 3.34711 -0.982473 -0.0893527 0.163594 60.1683 
0.169665 -0.0303973 0.985033 75.9958 -0.0836252 0.995475 0.0451233 3.37909 -0.981947 -0.0900294 0.166355 60.2813 
0.175073 -0.0309406 0.984069 76.5451 -0.0833751 0.99545 0.0461315 3.41656 -0.981019 -0.0901232 0.171697 60.3898 
0.181939 -0.0311972 0.982815 77.1092 -0.0835651 0.99539 0.0470659 3.45122 -0.979753 -0.0906921 0.178493 60.4844 
0.190202 -0.03017 0.981281 77.6909 -0.0838197 0.995379 0.0468502 3.49058 -0.97816 -0.0911617 0.186794 60.5925 
0.198973 -0.0306097 0.979527 78.2552 -0.0852612 0.995181 0.0484182 3.52625 -0.976289 -0.0931495 0.195404 60.7068 
0.209059 -0.0262013 0.977552 78.8301 -0.0878593 0.995095 0.0454611 3.53686 -0.973948 -0.095391 0.205731 60.8031 
0.218014 -0.0250435 0.975624 79.4253 -0.0886409 0.995031 0.0453495 3.56369 -0.971912 -0.0963671 0.214711 60.9511 
0.227441 -0.0197599 0.973591 79.9962 -0.0869758 0.995386 0.0405207 3.59884 -0.9699 -0.093895 0.224673 61.0936 
0.237243 -0.016375 0.971312 80.6015 -0.0858118 0.995596 0.0377438 3.63456 -0.967653 -0.0923045 0.234793 61.2599 
0.247308 -0.0110953 0.968873 81.2013 -0.0849815 0.995833 0.0330958 3.6558 -0.965203 -0.0905211 0.245335 61.4249 
0.256135 -0.0100868 0.966588 81.803 -0.0831424 0.99601 0.0324257 3.70045 -0.963059 -0.0886698 0.254275 61.6243 
0.267028 -0.0083295 0.963653 82.4228 -0.0834829 0.996004 0.0317422 3.73322 -0.960066 -0.0889246 0.265265 61.7961 
0.274976 -0.00859205 0.961413 83.0496 -0.0832611 0.995991 0.0327148 3.76746 -0.957839 -0.0890441 0.273158 62.0134 
0.285118 -0.00353407 0.958486 83.6971 -0.0845658 0.996001 0.028828 3.78912 -0.954754 -0.0892744 0.283679 62.2112 
0.295857 -0.00390714 0.955224 84.3679 -0.0885075 0.995578 0.0314852 3.82591 -0.951123 -0.0938597 0.294202 62.4102 
0.306557 -0.00710394 0.951826 85.0413 -0.092807 0.994985 0.0373167 3.85872 -0.947317 -0.0997758 0.30436 62.6312 
0.316217 -0.00799575 0.948653 85.7127 -0.0954864 0.994618 0.0402119 3.90209 -0.943869 -0.103299 0.313752 62.8981 
0.327417 -0.00710701 0.944853 86.4077 -0.0978518 0.99434 0.0413875 3.95114 -0.939799 -0.106007 0.324869 63.1366 
0.335254 -0.0127831 0.942041 87.1067 -0.095393 0.994309 0.0474408 4.00499 -0.937286 -0.105769 0.332126 63.4169 
0.345394 -0.0199181 0.938246 87.8184 -0.095572 0.99383 0.0562808 4.0622 -0.933578 -0.109109 0.34136 63.6661 
0.352668 -0.028335 0.935319 88.555 -0.0985566 0.992857 0.0672395 4.11017 -0.930544 -0.115895 0.347356 63.9251 
0.359892 -0.0334738 0.932393 89.2836 -0.0985624 0.9924 0.0736719 4.16973 -0.927773 -0.118413 0.353857 64.1922 
0.367877 -0.0350823 0.929212 90.0099 -0.0965762 0.992442 0.0757043 4.22679 -0.924846 -0.11759 0.361709 64.4738 
0.375099 -0.0350809 0.926321 90.7369 -0.0895828 0.993235 0.0738901 4.26058 -0.922646 -0.110699 0.369418 64.7396 
0.383107 -0.0380003 0.922922 91.481 -0.0831169 0.993682 0.0754157 4.29925 -0.919957 -0.105603 0.377528 64.9903 
0.389989 -0.0368449 0.920082 92.2024 -0.0812522 0.993925 0.0742418 4.37206 -0.917228 -0.103712 0.384626 65.2768 
0.393695 -0.028663 0.918794 92.8981 -0.0854081 0.99405 0.0676072 4.42569 -0.915265 -0.105089 0.388904 65.6023 
0.398157 -0.0214643 0.917066 93.5974 -0.086941 0.994343 0.0610196 4.46768 -0.913188 -0.104026 0.394038 65.9077 
0.403193 -0.019689 0.914903 94.303 -0.0858084 0.99455 0.0592184 4.47584 -0.911083 -0.102383 0.399306 66.1702 
0.408956 -0.0169027 0.912397 94.9984 -0.0840876 0.994877 0.0561206 4.51722 -0.908672 -0.0996722 0.40544 66.4648 
0.413141 -0.0128736 0.910576 95.662 -0.084504 0.995044 0.0524085 4.53913 -0.906738 -0.0985994 0.410006 66.7559 
0.416947 -0.0112705 0.908861 96.3364 -0.0868467 0.994854 0.0521784 4.57111 -0.904772 -0.100687 0.413823 67.0506 
0.42016 -0.01152 0.907377 97.0001 -0.0885906 0.994622 0.0536494 4.61923 -0.903115 -0.102926 0.41688 67.3694 
0.423087 -0.0111292 0.906021 97.6353 -0.0912389 0.994319 0.0548199 4.66336 -0.901484 -0.105858 0.419668 67.6726 
0.425127 -0.00808577 0.905098 98.2734 -0.0930042 0.994277 0.0525668 4.70967 -0.900343 -0.106525 0.421942 68.0125 
0.428284 -0.00769078 0.903612 98.8674 -0.0916111 0.994442 0.0518847 4.76401 -0.898989 -0.105002 0.425199 68.3196 
0.431485 -0.00843462 0.902081 99.4853 -0.0900516 0.994559 0.052373 4.79996 -0.897614 -0.103832 0.428377 68.5965 
0.431707 -0.00980796 0.901961 100.085 -0.0899838 0.994485 0.0538831 4.8425 -0.897514 -0.104424 0.428443 68.9011 
0.433475 -0.0119588 0.901086 100.678 -0.0884344 0.994521 0.0557409 4.89634 -0.896816 -0.103849 0.430042 69.1923 
0.435227 -0.0106032 0.900258 101.264 -0.0893976 0.99448 0.0549319 4.93777 -0.895871 -0.104389 0.431877 69.4817 
0.436941 -0.0121887 0.899408 101.84 -0.0885716 0.994466 0.0565059 4.97459 -0.895119 -0.104352 0.433443 69.7728 
0.440086 -0.0110975 0.897887 102.413 -0.08745 0.994641 0.0551556 5.00725 -0.893687 -0.102793 0.436757 70.0409 
0.442822 -0.0128356 0.896518 102.97 -0.0850698 0.994785 0.0562615 5.03723 -0.892565 -0.10118 0.439421 70.3063 
0.445812 -0.0142975 0.895012 103.52 -0.0839052 0.994803 0.0576854 5.07425 -0.891185 -0.100813 0.442296 70.5843 
0.449429 -0.0201526 0.893089 104.063 -0.0814188 0.99466 0.0634169 5.129 -0.889598 -0.101216 0.445388 70.849 
0.450998 -0.0204916 0.89229 104.586 -0.0810651 0.994664 0.063816 5.16722 -0.888836 -0.101114 0.44693 71.1405 
0.454814 -0.0227997 0.890294 105.117 -0.0797972 0.994608 0.0662362 5.21574 -0.887004 -0.101168 0.450543 71.3945 
0.458795 -0.0244157 0.888207 105.636 -0.0784919 0.994601 0.0678846 5.28254 -0.885069 -0.100862 0.454401 71.6577 
0.46199 -0.0256278 0.886515 106.148 -0.0773181 0.994613 0.0690455 5.32421 -0.883509 -0.100442 0.457519 71.9274 
0.466663 -0.0250955 0.884079 106.669 -0.0762171 0.994738 0.0684681 5.36322 -0.881145 -0.0993335 0.462295 72.1754 
0.470797 -0.0257199 0.881867 107.182 -0.0748324 0.994809 0.0689641 5.39206 -0.879062 -0.0984603 0.466428 72.4441 
0.477304 -0.0248491 0.878387 107.697 -0.0723691 0.995093 0.0674751 5.44185 -0.875753 -0.0957742 0.473164 72.6982 
0.482951 -0.02139 0.875386 108.192 -0.0690796 0.995655 0.06244 5.48718 -0.872918 -0.0906268 0.479375 72.9677 
0.489051 -0.015669 0.872114 108.691 -0.0671527 0.996195 0.0555552 5.51868 -0.869666 -0.0857342 0.486138 73.2567 
0.495874 -0.0106047 0.86833 109.182 -0.0653218 0.996637 0.0494747 5.55326 -0.865934 -0.0812541 0.493513 73.5435 
0.501751 -0.00708417 0.864983 109.662 -0.0642486 0.996899 0.0454333 5.57993 -0.862623 -0.0783702 0.49974 73.8654 
0.507318 -0.00249927 0.861755 110.163 -0.0677421 0.996786 0.0427708 5.61304 -0.859092 -0.0800755 0.505518 74.1725 
0.512001 0.00359533 0.858977 110.661 -0.075 0.996359 0.0405341 5.64387 -0.855704 -0.0851768 0.510407 74.5102 
0.518651 0.009652 0.854931 111.195 -0.0830376 0.995778 0.0391333 5.67268 -0.850944 -0.091288 0.517263 74.811 
0.524783 0.0163495 0.851079 111.722 -0.0918502 0.995066 0.0375202 5.6867 -0.846266 -0.0978617 0.523695 75.1449 
0.527177 0.0213782 0.849487 112.218 -0.0970792 0.994654 0.0352141 5.70516 -0.844192 -0.101032 0.526433 75.5355 
0.53316 0.0268767 0.845588 112.74 -0.0980969 0.994717 0.0302353 5.74492 -0.840308 -0.0990698 0.53298 75.8873 
0.540584 0.0259152 0.840891 113.286 -0.0933337 0.995203 0.0293306 5.82333 -0.836097 -0.0943391 0.540409 76.2252 
0.546662 0.0280895 0.836882 113.82 -0.0922703 0.995372 0.0268631 5.85071 -0.832254 -0.0919044 0.546724 76.606 
0.552687 0.0305 0.832831 114.376 -0.0918498 0.995471 0.0244975 5.8812 -0.828312 -0.0900348 0.552985 76.9948 
0.559046 0.033116 0.828475 114.94 -0.0930035 0.995401 0.0229694 5.91786 -0.823904 -0.089892 0.559555 77.3973 
0.565222 0.0381411 0.824057 115.502 -0.0960105 0.995184 0.0197922 5.95544 -0.819333 -0.090305 0.566162 77.8256 
0.572402 0.039652 0.819014 116.095 -0.0981188 0.994966 0.0204039 5.97252 -0.814081 -0.0920399 0.573411 78.2379 
0.580376 0.0380983 0.813457 116.699 -0.0986548 0.994837 0.0237938 6.00576 -0.808351 -0.0940608 0.581138 78.6537 
0.587598 0.0394887 0.808189 117.29 -0.0989724 0.994816 0.023351 6.02711 -0.803077 -0.0937094 0.58846 79.1033 
0.594647 0.0467885 0.802625 117.868 -0.102962 0.994517 0.0183076 6.02799 -0.797367 -0.0935265 0.596204 79.582 
0.602408 0.0475238 0.796773 118.481 -0.101384 0.994697 0.0173234 6.06429 -0.791724 -0.0912157 0.604031 80.0414 
0.608266 0.0481548 0.792271 119.084 -0.101865 0.99464 0.0177516 6.09302 -0.78717 -0.091502 0.609911 80.5389 
0.614151 0.0463932 0.787824 119.712 -0.101082 0.994672 0.0202251 6.12915 -0.782688 -0.0920564 0.615568 81.027 
0.616203 0.0439123 0.786362 120.313 -0.0998908 0.994739 0.0227271 6.16867 -0.781227 -0.0925549 0.617347 81.5667 
0.619949 0.0402119 0.783611 120.966 -0.097467 0.994898 0.0260561 6.20045 -0.778565 -0.0925296 0.620706 82.0906 
0.62376 0.0350608 0.780829 121.604 -0.0941557 0.995089 0.0305342 6.23192 -0.775924 -0.0925655 0.623998 82.5865 
0.627138 0.0276075 0.778419 122.282 -0.0897229 0.99528 0.0369871 6.28117 -0.773723 -0.093038 0.626655 83.1031 
0.631511 0.0228763 0.77503 122.956 -0.0878594 0.995238 0.0422136 6.3305 -0.770373 -0.094752 0.630513 83.6334 
0.632947 0.0199513 0.773938 123.597 -0.0878702 0.995059 0.0462111 6.36144 -0.769192 -0.0972553 0.631573 84.1934 
0.636531 0.0196651 0.771001 124.261 -0.0884959 0.994934 0.0476846 6.40819 -0.766157 -0.0985831 0.635047 84.7476 
0.639447 0.0204431 0.768564 124.918 -0.0876298 0.99507 0.0464402 6.45325 -0.763825 -0.0970451 0.638086 85.3071 
0.643014 0.0235421 0.765492 125.601 -0.0881053 0.995165 0.043403 6.52155 -0.760769 -0.0953527 0.64198 85.8806 
0.646097 0.029911 0.762669 126.246 -0.092633 0.994918 0.0394548 6.55014 -0.757613 -0.09614 0.645584 86.4639 
0.649077 0.0305271 0.76011 126.923 -0.0959734 0.994497 0.0420137 6.60091 -0.754644 -0.10022 0.648435 87.0423 
0.650721 0.0343707 0.758539 127.573 -0.103235 0.993704 0.0435344 6.64484 -0.752267 -0.106636 0.650172 87.6646 
0.653928 0.0334655 0.755816 128.241 -0.107431 0.993005 0.0489811 6.69742 -0.74889 -0.113228 0.652949 88.2723 
0.658473 0.0321569 0.751917 128.913 -0.108586 0.992692 0.0526375 6.73982 -0.74473 -0.116308 0.657153 88.8709 
0.662148 0.0303497 0.748758 129.585 -0.105749 0.992965 0.0532682 6.77973 -0.741874 -0.114452 0.660699 89.4745 
0.668094 0.0203357 0.743799 130.26 -0.093539 0.993992 0.0568424 6.84575 -0.738174 -0.10755 0.665982 90.0612 
0.673615 0.0151583 0.738927 130.939 -0.084002 0.994881 0.0561684 6.89834 -0.734293 -0.0999072 0.671441 90.6779 
0.679143 0.0158787 0.733834 131.61 -0.0808838 0.995296 0.0533195 6.94262 -0.729536 -0.0955669 0.677233 91.2707 
0.685145 0.013496 0.728281 132.271 -0.0808747 0.995056 0.0576448 7.00728 -0.723903 -0.0983946 0.682849 91.9111 
0.691168 0.00935149 0.722633 132.938 -0.0792003 0.994874 0.0628773 7.07406 -0.718341 -0.100692 0.688366 92.553 
0.696431 0.00318406 0.717616 133.599 -0.0751548 0.994815 0.0685222 7.13674 -0.713677 -0.101653 0.693059 93.1984 
0.701399 0.000889063 0.712768 134.27 -0.0689257 0.995397 0.0665847 7.21369 -0.709429 -0.0958305 0.698232 93.8336 
0.705029 0.00245895 0.709175 134.928 -0.0685196 0.995552 0.0646671 7.28678 -0.705861 -0.0941845 0.702061 94.4856 
0.708035 -0.000649543 0.706177 135.574 -0.0669915 0.995428 0.0680833 7.36242 -0.702992 -0.0955132 0.704754 95.1648 
0.711329 -0.00492231 0.702842 136.255 -0.0664946 0.995019 0.0742661 7.45135 -0.699707 -0.0995628 0.707458 95.8076 
0.712769 -0.0095771 0.701334 136.926 -0.0647833 0.994734 0.0794233 7.54666 -0.698401 -0.102045 0.708395 96.4891 
0.711798 -0.0116584 0.702288 137.555 -0.0665004 0.994252 0.083906 7.60927 -0.699229 -0.106427 0.706931 97.1627 
0.713068 -0.0158052 0.700917 138.217 -0.0640406 0.994098 0.087567 7.72146 -0.698164 -0.107328 0.707847 97.826 
0.712691 -0.0135849 0.701347 138.876 -0.0661819 0.994051 0.0865069 7.80257 -0.698349 -0.108069 0.707552 98.4984 
0.712054 -0.0109399 0.70204 139.538 -0.067105 0.994241 0.0835555 7.88438 -0.698911 -0.106606 0.707219 99.1761 
0.71113 -0.00742149 0.703022 140.225 -0.0689585 0.994386 0.0802511 7.9668 -0.699671 -0.105548 0.706626 99.8503 
0.709546 -0.0028747 0.704653 140.894 -0.071429 0.994547 0.0759823 8.0251 -0.701029 -0.104246 0.705472 100.486 
0.708111 -0.00314598 0.706094 141.559 -0.0714064 0.994545 0.0760415 8.1356 -0.702481 -0.104265 0.704023 101.136 
0.704146 0.00245933 0.710051 142.21 -0.0761696 0.994485 0.0720917 8.19569 -0.705958 -0.104847 0.70045 101.83 
0.701231 0.00680602 0.712902 142.87 -0.0814331 0.994175 0.0706087 8.23936 -0.708268 -0.107567 0.6977 102.498 
0.700239 0.00681087 0.713876 143.544 -0.0841126 0.993777 0.0730246 8.31079 -0.708936 -0.111181 0.696454 103.136 
0.696659 0.00303023 0.717396 144.2 -0.0835398 0.993531 0.0769284 8.36809 -0.712522 -0.113524 0.692405 103.797 
0.693226 0.00284239 0.720714 144.846 -0.0803078 0.99407 0.0733244 8.437 -0.716232 -0.108709 0.689343 104.445 
0.690915 0.00697125 0.722902 145.529 -0.0774282 0.994915 0.0644078 8.49397 -0.718777 -0.100473 0.687942 105.048 
0.686978 0.0097152 0.726614 146.188 -0.0751115 0.995504 0.0577039 8.55025 -0.722786 -0.0942183 0.684619 105.69 
0.683707 0.010389 0.729683 146.87 -0.0789722 0.99508 0.0598286 8.61608 -0.725471 -0.0985299 0.681163 106.325 
0.679365 0.0146278 0.733654 147.528 -0.0864601 0.994433 0.0602349 8.65446 -0.728689 -0.104353 0.676848 106.952 
0.675831 0.0158111 0.736887 148.207 -0.0909715 0.993915 0.0621078 8.72012 -0.731421 -0.10901 0.673156 107.587 
0.673003 0.0148957 0.73949 148.871 -0.0904408 0.993952 0.0622881 8.77957 -0.734089 -0.1088 0.67028 108.179 
0.670471 0.0109417 0.741855 149.559 -0.0883584 0.993953 0.0651963 8.8531 -0.736655 -0.109261 0.667383 108.765 
0.666945 0.00909231 0.745051 150.23 -0.0855441 0.994248 0.0644428 8.91491 -0.74018 -0.106715 0.663887 109.387 
0.663651 0.00443899 0.748029 150.907 -0.0811356 0.99451 0.0660818 8.97945 -0.743629 -0.104547 0.660368 109.973 
0.659977 0.0015126 0.751285 151.574 -0.0771755 0.994844 0.0657929 9.04364 -0.747312 -0.101403 0.656691 110.55 
0.656378 0.000425985 0.754432 152.26 -0.0763428 0.994904 0.0658587 9.13001 -0.75056 -0.100824 0.653066 111.122 
0.652077 0.000926084 0.758152 152.929 -0.0768246 0.994933 0.0648605 9.2065 -0.754251 -0.100539 0.648844 111.721 
0.647151 0.00144892 0.762361 153.617 -0.0779139 0.994888 0.0642485 9.26157 -0.75837 -0.100977 0.643955 112.307 
0.642468 0.00795083 0.766271 154.329 -0.0817092 0.994956 0.0581841 9.30037 -0.761944 -0.0999928 0.639878 112.852 
0.63552 0.0135231 0.771966 155.008 -0.0816461 0.995418 0.0497775 9.34108 -0.767756 -0.0946626 0.633711 113.45 
0.629269 0.0164719 0.777013 155.703 -0.0800915 0.995827 0.043752 9.39497 -0.77305 -0.0897639 0.627962 114.026 
0.623007 0.0158605 0.782055 156.425 -0.0782262 0.996046 0.0421168 9.44708 -0.778295 -0.0874163 0.621784 114.595 
0.616027 0.0183303 0.787512 157.159 -0.0870208 0.995194 0.0449071 9.47247 -0.782904 -0.0961939 0.614661 115.145 
0.608401 0.0253801 0.793224 157.89 -0.100295 0.993934 0.0451239 9.50632 -0.787267 -0.10701 0.607255 115.724 
0.601052 0.0245522 0.798833 158.624 -0.105292 0.993248 0.0486953 9.55252 -0.792244 -0.113379 0.599579 116.296 
0.593458 0.0283723 0.804364 159.375 -0.110869 0.992733 0.0467824 9.59097 -0.797192 -0.116943 0.592292 116.854 
0.586679 0.0265958 0.809383 160.147 -0.107821 0.993128 0.0455198 9.65971 -0.80261 -0.113974 0.585515 117.392 
0.579408 0.0216606 0.81475 160.923 -0.102434 0.993656 0.0464285 9.70642 -0.808575 -0.110359 0.577951 117.951 
0.571542 0.0194438 0.820343 161.662 -0.092761 0.994842 0.0410478 9.75955 -0.815313 -0.0995563 0.570397 118.493 
0.563478 0.0160243 0.825976 162.425 -0.0884968 0.99523 0.0410644 9.80224 -0.821377 -0.0962351 0.562208 119.02 
0.557035 0.0127483 0.830391 163.24 -0.0900842 0.99491 0.0451554 9.84755 -0.825589 -0.0999583 0.555348 119.547 
0.547857 0.00802428 0.836534 163.991 -0.0922431 0.994436 0.0508722 9.89615 -0.831471 -0.105035 0.545549 120.094 
0.540229 0.00804488 0.841479 164.774 -0.0939736 0.994276 0.0508253 9.92945 -0.836254 -0.106534 0.537893 120.579 
0.532245 0.0100282 0.846531 165.541 -0.0944429 0.994392 0.0475999 9.99175 -0.841306 -0.105284 0.530207 121.095 
0.52519 0.00490428 0.850971 166.303 -0.0915249 0.994509 0.0507545 10.06 -0.846049 -0.104541 0.522755 121.619 
0.520386 -0.00263249 0.853927 167.088 -0.0914964 0.994067 0.0588228 10.1238 -0.849015 -0.108742 0.517058 122.089 
0.516819 -0.00242004 0.856091 167.885 -0.0954041 0.993604 0.0604039 10.1398 -0.850762 -0.112892 0.513283 122.517 
0.511853 -0.00231231 0.85907 168.64 -0.0974953 0.993379 0.0607637 10.2072 -0.853523 -0.114857 0.508239 122.995 
0.506557 -0.00219416 0.862204 169.395 -0.0960844 0.993624 0.0589795 10.259 -0.856836 -0.112721 0.503116 123.446 
0.503038 -0.00199489 0.864262 170.167 -0.093077 0.994056 0.0564694 10.3121 -0.859238 -0.108849 0.499863 123.895 
