1 0 0 0 0 1 0 0 0 0 1 0 
0.999997 0.00213526 0.00079785 -0.0466131 -0.00213672 0.999996 0.0018288 -0.0230418 -0.000793942 -0.0018305 0.999998 0.827784 
0.999991 0.00356492 0.00249108 -0.113212 -0.00357222 0.999989 0.00293255 -0.0443636 -0.0024806 -0.00294142 0.999993 1.66697 
0.999982 0.00482341 0.00357759 -0.139629 -0.00483286 0.999985 0.00263566 -0.063738 -0.00356482 -0.0026529 0.99999 2.44785 
0.999957 0.00606041 0.00698 -0.257366 -0.00606317 0.999982 0.000373882 -0.0267196 -0.0069776 -0.000416187 0.999976 3.24326 
0.999953 0.00629991 0.00732951 -0.247711 -0.00630084 0.99998 0.00010367 -0.0392564 -0.00732871 -0.000149848 0.999973 3.99077 
0.999944 0.00673778 0.00810459 -0.25722 -0.00674536 0.999977 0.000909369 -0.0487702 -0.00809827 -0.000963987 0.999967 4.74563 
0.999938 0.00822063 0.00749058 -0.204564 -0.0082475 0.99996 0.00356295 -0.0603605 -0.00746099 -0.00362451 0.999966 5.45828 
0.999923 0.00814258 0.00938453 -0.210916 -0.00821256 0.999939 0.00744241 -0.0671222 -0.00932335 -0.0075189 0.999928 6.13194 
0.999918 0.00660555 0.0109724 -0.233939 -0.00672763 0.999915 0.0111259 -0.0867551 -0.010898 -0.0111988 0.999878 6.77387 
0.999906 0.00560446 0.0124747 -0.242072 -0.00576926 0.999896 0.0132144 -0.0906423 -0.0123993 -0.0132851 0.999835 7.39668 
0.999899 0.00646481 0.0126456 -0.184302 -0.0066268 0.999896 0.0128102 -0.0902601 -0.0125615 -0.0128927 0.999838 8.00617 
0.999876 0.00743122 0.0138638 -0.181154 -0.00757239 0.99992 0.0101582 -0.100046 -0.0137872 -0.0102619 0.999852 8.56824 
0.999855 0.00755781 0.0152622 -0.179456 -0.00767618 0.999941 0.0077121 -0.112456 -0.015203 -0.00782813 0.999854 9.08099 
0.999841 0.00549561 0.0169885 -0.171065 -0.00560836 0.999963 0.00659629 -0.124657 -0.0169516 -0.00669052 0.999834 9.56558 
0.999819 0.0013692 0.0189656 -0.161129 -0.00145378 0.999989 0.00444651 -0.134422 -0.0189593 -0.00447328 0.99981 10.033 
0.999789 -0.000167475 0.0205606 -0.113787 0.000101365 0.999995 0.00321636 -0.13987 -0.020561 -0.00321359 0.999783 10.4715 
0.999705 0.00427842 0.0239133 -0.136164 -0.00432018 0.999989 0.0016947 -0.162574 -0.0239058 -0.00179751 0.999713 10.9021 
0.999574 0.00844305 0.0279276 -0.15756 -0.00847457 0.999964 0.0010103 -0.175585 -0.0279181 -0.00124655 0.999609 11.2741 
0.999401 0.00833052 0.0336014 -0.203423 -0.00842631 0.999961 0.00271028 -0.185491 -0.0335775 -0.00299179 0.999432 11.6198 
0.999352 0.00282325 0.0358943 -0.150197 -0.00295467 0.999989 0.0036088 -0.193598 -0.0358837 -0.00371252 0.999349 11.9472 
0.999221 -0.0014051 0.0394312 -0.154534 0.00127853 0.999994 0.00323491 -0.195362 -0.0394355 -0.00318198 0.999217 12.2555 
0.999074 -0.0034761 0.0428781 -0.151933 0.00330542 0.999986 0.00405094 -0.19159 -0.0428916 -0.00390546 0.999072 12.5448 
0.998928 -0.00424127 0.0461015 -0.140662 0.00400467 0.999978 0.0052234 -0.192803 -0.0461226 -0.00503317 0.998923 12.7657 
0.998795 -0.00356499 0.0489468 -0.164412 0.00336569 0.999986 0.00415359 -0.192872 -0.0489609 -0.00398385 0.998793 12.9845 
0.998696 -0.0027581 0.0509735 -0.144264 0.00263987 0.999994 0.00238653 -0.19864 -0.0509797 -0.00224885 0.998697 13.1942 
0.998568 -0.000368641 0.0534991 -0.142057 0.000282714 0.999999 0.00161371 -0.206847 -0.0534996 -0.00159627 0.998567 13.4023 
0.998451 0.00213413 0.0555897 -0.141062 -0.00218345 0.999997 0.000826508 -0.214343 -0.0555878 -0.000946606 0.998453 13.6107 
0.998402 0.0033984 0.0564016 -0.116172 -0.00335798 0.999994 -0.000811342 -0.220771 -0.056404 0.00062065 0.998408 13.8094 
0.998311 0.00147318 0.0580856 -0.0792908 -0.00133978 0.999996 -0.00233554 -0.225944 -0.0580888 0.00225377 0.998309 14.0002 
0.998248 -3.02118e-05 0.059174 -0.0616825 0.000241962 0.999994 -0.00357127 -0.231368 -0.0591735 0.00357933 0.998241 14.1911 
0.998152 -0.000806067 0.0607632 -0.0558685 0.00108276 0.999989 -0.00452089 -0.236539 -0.0607589 0.00457833 0.998142 14.3832 
0.99805 0.000383187 0.0624153 -0.0663021 1.67663e-05 0.999979 -0.00640729 -0.236185 -0.0624165 0.00639585 0.99803 14.5746 
0.998087 0.00184584 0.0617916 -0.00338711 -0.00129504 0.999959 -0.00895256 -0.233241 -0.0618056 0.00885542 0.998049 14.7547 
0.998023 0.00178669 0.0628212 -0.00171148 -0.00109099 0.999938 -0.0111068 -0.237279 -0.0628371 0.0110163 0.997963 14.9455 
0.99847 0.00135704 0.055287 0.16334 -0.000553441 0.999894 -0.0145478 -0.220093 -0.0553009 0.014495 0.998365 15.0389 
0.99846 0.000249524 0.0554789 0.160787 0.00064927 0.999869 -0.016182 -0.224083 -0.0554757 0.0161931 0.998329 15.2292 
0.998557 -0.000536492 0.0536994 0.149393 0.00147155 0.999848 -0.0173749 -0.225581 -0.0536819 0.0174288 0.998406 15.4177 
0.998704 -0.000362385 0.0508909 0.150824 0.00129425 0.999832 -0.0182792 -0.229952 -0.0508757 0.0183214 0.998537 15.6074 
0.998868 -0.000264511 0.0475731 0.145023 0.00121292 0.999801 -0.0199081 -0.232963 -0.0475584 0.0199432 0.998669 15.797 
0.999121 6.30991e-06 0.0419236 0.15548 0.000875696 0.999779 -0.02102 -0.239236 -0.0419145 0.0210382 0.9989 15.9861 
0.999383 1.52641e-05 0.0351253 0.163533 0.00075532 0.999759 -0.0219248 -0.244156 -0.0351172 0.0219378 0.999142 16.1751 
0.999607 0.000146283 0.0280181 0.15556 0.000497249 0.999736 -0.0229601 -0.238529 -0.0280141 0.022965 0.999344 16.3612 
0.999811 -0.00045793 0.0194248 0.156136 0.000925304 0.99971 -0.0240585 -0.240444 -0.0194082 0.024072 0.999522 16.5477 
0.999954 -0.00174416 0.00942967 0.147448 0.00198268 0.999677 -0.0253448 -0.242214 -0.00938242 0.0253623 0.999634 16.7372 
0.999988 -0.00372486 -0.00312305 0.118193 0.00363995 0.999635 -0.0267662 -0.251605 0.00322162 0.0267546 0.999637 16.9268 
0.999793 -0.00509457 -0.019717 0.101587 0.00453124 0.999583 -0.0285106 -0.258376 0.019854 0.0284154 0.999399 17.1268 
0.999231 -0.00491759 -0.0388984 0.0757976 0.00376907 0.999556 -0.0295446 -0.261118 0.0390264 0.0293752 0.998806 17.3261 
0.998161 -0.00486067 -0.0604285 0.0417483 0.00311486 0.999576 -0.0289512 -0.273408 0.0605436 0.0287097 0.997753 17.5364 
0.996421 -0.00586042 -0.084322 0.0113451 0.00354236 0.999612 -0.0276139 -0.282565 0.0844512 0.0272164 0.996056 17.752 
0.993821 -0.00617927 -0.110819 -0.0480852 0.003323 0.999658 -0.0259405 -0.294852 0.110941 0.0254119 0.993502 17.9856 
0.990045 -0.00563805 -0.140635 -0.113963 0.00237077 0.999724 -0.0233891 -0.322156 0.140728 0.0228228 0.989785 18.2187 
0.984818 -0.00708342 -0.173446 -0.193609 0.00358346 0.999784 -0.0204838 -0.329998 0.173554 0.0195512 0.98463 18.477 
0.977722 -0.00688257 -0.209791 -0.281545 0.00332072 0.999844 -0.0173256 -0.32451 0.209878 0.016243 0.977593 18.7482 
0.96804 -0.00683586 -0.250702 -0.346832 0.00384619 0.999916 -0.0124132 -0.33124 0.250766 0.0110523 0.967985 19.0231 
0.956039 -0.00393811 -0.293214 -0.4578 0.00203467 0.999975 -0.00679634 -0.360658 0.293234 0.00590097 0.956023 19.3129 
0.941177 -0.00402499 -0.337889 -0.555723 0.00318514 0.99999 -0.00303994 -0.358521 0.337898 0.0017849 0.941181 19.6257 
0.924705 -0.0033672 -0.38067 -0.715367 0.00438394 0.999989 0.00180389 -0.362417 0.38066 -0.0033369 0.924709 19.9108 
0.906375 -0.00191472 -0.42247 -0.929294 0.00635424 0.999938 0.00910057 -0.377365 0.422427 -0.010933 0.906331 20.1961 
0.884876 0.000933174 -0.465825 -1.11809 0.00697849 0.999859 0.0152592 -0.376108 0.465774 -0.0167533 0.884745 20.4921 
0.860038 0.00408716 -0.510214 -1.31459 0.00659304 0.999795 0.0191225 -0.357187 0.510188 -0.01981 0.859835 20.767 
0.832417 0.00749892 -0.554099 -1.55349 0.00587097 0.999733 0.0223498 -0.359319 0.554118 -0.0218575 0.832151 21.0558 
0.801611 0.0123775 -0.597718 -1.8041 0.0033215 0.999678 0.0251558 -0.367019 0.597836 -0.0221505 0.801312 21.341 
0.767123 0.0150849 -0.641322 -2.0692 0.00291808 0.999631 0.0270033 -0.353852 0.641493 -0.0225863 0.766796 21.6281 
0.729577 0.0195643 -0.683619 -2.36056 0.00278278 0.999498 0.0315743 -0.354787 0.683893 -0.0249382 0.729156 21.9047 
0.69053 0.0182923 -0.723072 -2.67753 0.00546602 0.99952 0.0305059 -0.347381 0.723283 -0.0250175 0.690098 22.1649 
0.649195 0.018771 -0.760391 -3.03443 0.00638213 0.999526 0.0301231 -0.342132 0.760595 -0.0244087 0.648767 22.4465 
0.606913 0.0165232 -0.794596 -3.43425 0.00947492 0.999562 0.0280224 -0.337489 0.794711 -0.0245359 0.606491 22.704 
0.562837 0.0160825 -0.826411 -3.85624 0.0125232 0.99953 0.0279806 -0.336495 0.826473 -0.0260979 0.562371 22.9311 
0.516986 0.0184646 -0.855795 -4.3004 0.0124793 0.999498 0.0291039 -0.316034 0.855903 -0.0257261 0.516496 23.1639 
0.467887 0.0209916 -0.883539 -4.75902 0.0109473 0.999504 0.029544 -0.305468 0.883721 -0.0234956 0.467425 23.362 
0.415622 0.0201853 -0.909313 -5.27544 0.0116156 0.999554 0.0274977 -0.28954 0.909463 -0.0219909 0.415203 23.5601 
0.362384 0.0204179 -0.931805 -5.80405 0.0123921 0.999566 0.0267221 -0.276668 0.931947 -0.0212307 0.361974 23.7398 
0.308919 0.0212965 -0.95085 -6.36611 0.0113417 0.999596 0.026073 -0.26103 0.951021 -0.0188388 0.308552 23.893 
0.255312 0.0238317 -0.966565 -6.94369 0.0157707 0.999461 0.0288085 -0.236081 0.96673 -0.0225986 0.254798 24.0293 
0.202501 0.0253605 -0.978954 -7.55057 0.0204628 0.999337 0.0301213 -0.223456 0.979068 -0.0261318 0.201848 24.1301 
0.154038 0.0235293 -0.987785 -8.21131 0.0232336 0.999354 0.027428 -0.207056 0.987792 -0.0271747 0.153392 24.2113 
0.109541 0.025037 -0.993667 -8.87651 0.0244022 0.999314 0.0278694 -0.20124 0.993683 -0.0273005 0.108855 24.26 
0.0697229 0.0288356 -0.99715 -9.581 0.022253 0.999288 0.0304535 -0.193393 0.997318 -0.0243129 0.0690316 24.2762 
0.034309 0.0340604 -0.998831 -10.2765 0.017342 0.999248 0.0346703 -0.165922 0.999261 -0.0185112 0.0336925 24.2772 
0.00634007 0.0390021 -0.999219 -11.0029 0.0168895 0.999092 0.0391043 -0.138217 0.999837 -0.0171243 0.00567559 24.2524 
-0.0149052 0.0414524 -0.999029 -11.7602 0.0213022 0.998927 0.0411303 -0.120658 0.999662 -0.0206684 -0.0157722 24.2283 
-0.0290636 0.0391395 -0.998811 -12.5746 0.0277372 0.99888 0.0383351 -0.108686 0.999193 -0.0265901 -0.0301166 24.2187 
-0.037165 0.043003 -0.998383 -13.3608 0.031119 0.998639 0.0418556 -0.089387 0.998824 -0.0295132 -0.0384526 24.1905 
-0.0407054 0.0427144 -0.998258 -14.1779 0.0282837 0.998735 0.0415815 -0.0686478 0.998771 -0.0265419 -0.041862 24.1447 
-0.040736 0.0352606 -0.998548 -14.9943 0.0236591 0.999131 0.034316 -0.0333346 0.99889 -0.0222268 -0.0415349 24.1375 
-0.0376492 0.0225139 -0.999037 -15.8722 0.0216443 0.99953 0.0217093 -0.00452121 0.999057 -0.0208062 -0.0381188 24.1342 
-0.0323968 0.0221053 -0.999231 -16.7401 0.0218384 0.999532 0.0214039 0.0111572 0.999236 -0.0211282 -0.0328644 24.1136 
-0.0274868 0.0234933 -0.999346 -17.6433 0.0201128 0.999534 0.0229445 0.0196858 0.99942 -0.019469 -0.0279466 24.0955 
-0.0232392 0.0206744 -0.999516 -18.5383 0.0136051 0.9997 0.0203619 0.0297284 0.999637 -0.0131254 -0.0235135 24.0499 
-0.0208546 0.0226532 -0.999526 -19.4859 0.00305665 0.99974 0.0225943 0.0391811 0.999778 -0.002584 -0.0209185 24.0283 
-0.0203734 0.0294877 -0.999357 -20.4245 -0.0047319 0.999551 0.0295899 0.0601496 0.999781 0.0053317 -0.0202247 24.007 
-0.0209429 0.0353044 -0.999157 -21.3842 -0.0068976 0.999347 0.0354557 0.0725687 0.999757 0.00763433 -0.0206857 23.9508 
-0.0245947 0.0449472 -0.998687 -22.366 -0.00103833 0.998987 0.0449863 0.107161 0.999697 0.00214339 -0.0245232 23.9159 
-0.0305343 0.04925 -0.99832 -23.3703 0.00855197 0.998762 0.0490103 0.119743 0.999497 -0.0070411 -0.0309177 23.8747 
-0.0351305 0.0509302 -0.998084 -24.4035 0.0180693 0.99857 0.0503189 0.164251 0.999219 -0.0162669 -0.0360005 23.8213 
-0.0362061 0.0527667 -0.99795 -25.4497 0.0281597 0.998262 0.0517615 0.21368 0.998948 -0.0262279 -0.0376291 23.7788 
-0.0373442 0.0506315 -0.998019 -26.5008 0.0357022 0.998146 0.049302 0.257755 0.998664 -0.0337903 -0.0390826 23.7384 
-0.0391505 0.0487701 -0.998042 -27.5455 0.0367 0.998204 0.0473384 0.298369 0.998559 -0.0347749 -0.0408701 23.7075 
-0.0407719 0.050441 -0.997894 -28.5933 0.0339728 0.998217 0.0490693 0.332913 0.998591 -0.0319006 -0.0424129 23.6701 
-0.0426698 0.052148 -0.997727 -29.7197 0.0289257 0.998283 0.05094 0.352517 0.99867 -0.0266864 -0.044105 23.5877 
-0.0474634 0.0523737 -0.997499 -30.8716 0.0237992 0.9984 0.0512886 0.389264 0.998589 -0.0213053 -0.0486339 23.54 
-0.052416 0.0525574 -0.997241 -31.9636 0.0197247 0.998474 0.0515856 0.420078 0.998431 -0.0169664 -0.0533727 23.4697 
-0.0597696 0.0537412 -0.996765 -33.0942 0.0181162 0.998444 0.0527454 0.454783 0.998048 -0.014905 -0.0606502 23.3962 
-0.0665778 0.0533648 -0.996353 -34.2002 0.0208831 0.998425 0.0520803 0.49176 0.997563 -0.0173395 -0.0675873 23.3129 
-0.0733679 0.0549186 -0.995792 -35.3481 0.0260736 0.998247 0.053133 0.54271 0.996964 -0.0220656 -0.0746713 23.2312 
-0.0793038 0.0584687 -0.995134 -36.4696 0.0293254 0.997983 0.0562991 0.579675 0.996419 -0.024718 -0.0808585 23.1342 
-0.0830331 0.06269 -0.994573 -37.609 0.0320847 0.99767 0.0602066 0.630055 0.99603 -0.0269114 -0.084851 23.0181 
-0.0848738 0.0676328 -0.994094 -38.724 0.0342297 0.997303 0.0649286 0.679414 0.995804 -0.0285167 -0.0869599 22.8955 
-0.0867803 0.0709966 -0.993694 -39.8598 0.0362387 0.997022 0.0680696 0.730129 0.995568 -0.0301031 -0.0890947 22.8057 
-0.0877757 0.0724721 -0.9935 -40.9685 0.0358209 0.996935 0.0695578 0.788899 0.995496 -0.0294826 -0.0901027 22.691 
-0.0903384 0.0725901 -0.993262 -42.0736 0.034687 0.996964 0.0697059 0.85385 0.995307 -0.0281562 -0.0925821 22.5999 
-0.0923008 0.0738271 -0.99299 -43.1825 0.0343392 0.99689 0.0709252 0.909217 0.995139 -0.0275521 -0.094549 22.519 
-0.0938447 0.0768227 -0.992618 -44.2898 0.0350736 0.996655 0.0738191 0.944641 0.994969 -0.0278871 -0.0962252 22.4314 
-0.0944875 0.0824511 -0.992106 -45.3982 0.0329925 0.996276 0.0796555 1.02398 0.994979 -0.0252056 -0.0968559 22.3378 
-0.0944423 0.0873698 -0.991689 -46.5071 0.029307 0.995954 0.0849545 1.07858 0.995099 -0.0210401 -0.0966207 22.2148 
-0.093656 0.088508 -0.991663 -47.6213 0.0287768 0.995865 0.0861653 1.17303 0.995189 -0.020467 -0.0958157 22.1023 
-0.0940852 0.0896502 -0.991519 -48.7409 0.0339319 0.995647 0.0868036 1.24759 0.994986 -0.0254772 -0.0967177 22.0228 
-0.0922037 0.0896313 -0.991698 -49.8455 0.0366689 0.995571 0.086572 1.33642 0.995065 -0.0283822 -0.095082 21.9228 
-0.0910815 0.0861767 -0.992108 -50.9578 0.0360675 0.995881 0.0831932 1.40407 0.99519 -0.0282055 -0.0938145 21.8031 
-0.0889931 0.0856087 -0.992346 -52.0894 0.0353424 0.995943 0.0827496 1.47669 0.995405 -0.0277077 -0.0916577 21.7014 
-0.0853205 0.088538 -0.992412 -53.216 0.0366607 0.995648 0.0856749 1.54317 0.995679 -0.0290727 -0.0881951 21.5981 
-0.0801876 0.0924693 -0.992481 -54.3552 0.0384818 0.995233 0.0896165 1.61162 0.996037 -0.0310064 -0.0833637 21.5175 
-0.0723597 0.0968867 -0.992662 -55.465 0.0379513 0.994817 0.0943307 1.70058 0.996656 -0.0308471 -0.0756616 21.3989 
-0.0670423 0.0987066 -0.992856 -56.596 0.0371323 0.994652 0.0963778 1.79341 0.997059 -0.0304057 -0.070349 21.3394 
-0.0612275 0.0978347 -0.993317 -57.7223 0.0361375 0.994749 0.0957482 1.88655 0.997469 -0.0300336 -0.0644416 21.2565 
-0.0563334 0.095533 -0.993831 -58.8565 0.0358858 0.994962 0.0936076 1.98007 0.997767 -0.0303912 -0.0594778 21.1818 
-0.0505248 0.0941187 -0.994278 -59.9973 0.0362021 0.995068 0.0923538 2.07599 0.998066 -0.0313288 -0.0536829 21.1169 
-0.0453784 0.0911489 -0.994803 -61.138 0.0376654 0.995277 0.0894742 2.17206 0.99826 -0.0334094 -0.0485972 21.0421 
-0.0380862 0.0908804 -0.995133 -62.2894 0.0387527 0.995241 0.089407 2.25356 0.998523 -0.035159 -0.0414268 20.9449 
-0.033089 0.089678 -0.995421 -63.431 0.0383796 0.995346 0.0883955 2.33254 0.998715 -0.035279 -0.0363768 20.8994 
-0.0273216 0.0892442 -0.995635 -64.5695 0.0343511 0.995502 0.0882897 2.39569 0.999036 -0.031789 -0.0302644 20.8493 
-0.0229939 0.0885103 -0.99581 -65.7109 0.0290967 0.99571 0.0878296 2.48295 0.999312 -0.0269552 -0.0254707 20.8018 
-0.0195202 0.088594 -0.995877 -66.8708 0.0285064 0.995711 0.0880205 2.56929 0.999403 -0.0266706 -0.021962 20.7881 
-0.0169431 0.0872851 -0.996039 -68.0628 0.0312994 0.99574 0.0867264 2.65265 0.999366 -0.0297061 -0.0196029 20.7743 
-0.0123449 0.0865816 -0.996168 -69.2744 0.0320857 0.995765 0.086149 2.71784 0.999409 -0.0308992 -0.0150707 20.7043 
-0.00979185 0.0877864 -0.996091 -70.4733 0.0325282 0.99564 0.0874269 2.79045 0.999423 -0.031545 -0.0126047 20.6556 
-0.00823756 0.089139 -0.995985 -71.6702 0.0332341 0.995493 0.0888201 2.87699 0.999414 -0.032369 -0.0111629 20.6142 
-0.00693087 0.0905571 -0.995867 -72.8685 0.031874 0.995405 0.0902932 2.97718 0.999468 -0.0311165 -0.00978544 20.5953 
-0.00597917 0.0911431 -0.99582 -74.0818 0.0301083 0.995403 0.0909241 3.06596 0.999529 -0.0294388 -0.00869585 20.5839 
-0.00629607 0.090303 -0.995894 -75.3172 0.0275192 0.995553 0.0900981 3.17619 0.999601 -0.0268389 -0.00875314 20.5872 
-0.00504237 0.085809 -0.996299 -76.5076 0.0271135 0.995957 0.0856423 3.26425 0.99962 -0.0265813 -0.00734857 20.5575 
-0.00542093 0.0841447 -0.996439 -77.6995 0.0278684 0.996079 0.0839627 3.35983 0.999597 -0.027314 -0.00774465 20.5635 
-0.00387335 0.0831724 -0.996528 -78.8903 0.0305977 0.996078 0.0830159 3.44442 0.999524 -0.0301699 -0.00640305 20.4922 
-0.00406432 0.0854093 -0.996338 -80.0909 0.0338197 0.995788 0.0852242 3.52805 0.99942 -0.0333494 -0.00693571 20.4957 
-0.00216317 0.0884668 -0.996077 -81.2746 0.0332897 0.995533 0.0883463 3.60893 0.999443 -0.0329679 -0.00509854 20.4662 
-0.00339499 0.087989 -0.996116 -82.4511 0.0323594 0.995609 0.087834 3.69157 0.999471 -0.0319355 -0.00622735 20.458 
-0.00318698 0.087052 -0.996199 -83.6359 0.029225 0.995786 0.0869225 3.79369 0.999568 -0.0288369 -0.00571765 20.4498 
-0.00347817 0.0839715 -0.996462 -84.8563 0.0281028 0.996083 0.0838415 3.88653 0.999599 -0.0277118 -0.00582438 20.4474 
-0.00457798 0.081812 -0.996637 -86.0612 0.0297902 0.996217 0.0816406 3.9676 0.999546 -0.0293162 -0.00699785 20.4561 
-0.00496221 0.0814583 -0.996664 -87.2614 0.0336489 0.996126 0.0812468 4.02909 0.999421 -0.0331335 -0.00768396 20.4529 
-0.00489524 0.0817745 -0.996639 -88.4608 0.0363766 0.996006 0.0815439 4.09901 0.999326 -0.0358551 -0.00785037 20.4465 
-0.00640963 0.0837343 -0.996468 -89.6568 0.0368815 0.99583 0.0834435 4.17472 0.999299 -0.0362163 -0.00947114 20.4593 
-0.00610505 0.0821771 -0.996599 -90.8619 0.0347324 0.996034 0.0819177 4.25673 0.999378 -0.0341142 -0.00893505 20.442 
-0.00573673 0.0799843 -0.99678 -92.0443 0.0333599 0.996256 0.0797504 4.333 0.999427 -0.0327949 -0.00838352 20.4251 
-0.00572701 0.0779206 -0.996943 -93.2181 0.0346784 0.996375 0.0776771 4.3894 0.999382 -0.0341275 -0.00840841 20.3828 
-0.00562794 0.075221 -0.997151 -94.3845 0.0360858 0.996533 0.0749707 4.48383 0.999333 -0.035561 -0.00832284 20.3654 
-0.00559184 0.0737869 -0.997258 -95.5573 0.0384018 0.996554 0.0735194 4.55491 0.999247 -0.0378854 -0.00840611 20.3489 
-0.00499558 0.0742945 -0.997224 -96.7223 0.0405035 0.996433 0.0740327 4.61565 0.999167 -0.0400212 -0.00798695 20.3438 
-0.00527541 0.0758192 -0.997108 -97.8809 0.0436019 0.996191 0.0755188 4.66007 0.999035 -0.0430774 -0.00856117 20.3421 
-0.00463921 0.0779427 -0.996947 -99.0424 0.0425905 0.996069 0.0776758 4.72455 0.999082 -0.0421001 -0.00794059 20.3326 
-0.00566933 0.0810965 -0.99669 -100.213 0.0395 0.995946 0.0808113 4.77444 0.999203 -0.0389111 -0.00884967 20.3371 
-0.00573492 0.0800779 -0.996772 -101.381 0.0379265 0.996089 0.0798048 4.84827 0.999264 -0.0373464 -0.00874957 20.3272 
-0.0068902 0.0803082 -0.996746 -102.548 0.0371699 0.996102 0.0799993 4.90679 0.999285 -0.0364978 -0.00984839 20.3488 
-0.00666673 0.0788287 -0.996866 -103.716 0.0375604 0.996204 0.0785252 4.97825 0.999272 -0.0369191 -0.00960226 20.3291 
-0.00726709 0.0796394 -0.996797 -104.882 0.0400094 0.996049 0.0792879 5.04277 0.999173 -0.0393051 -0.0104247 20.3256 
-0.0068059 0.0794964 -0.996812 -106.052 0.0416753 0.995991 0.0791464 5.11744 0.999108 -0.0410038 -0.0100916 20.2945 
-0.0064427 0.0833302 -0.996501 -107.227 0.0408175 0.995713 0.0830004 5.18079 0.999146 -0.04014 -0.00981641 20.269 
-0.00504473 0.0855056 -0.996325 -108.414 0.0410931 0.995514 0.0852279 5.27517 0.999143 -0.0405121 -0.00853578 20.2347 
-0.00522585 0.0896743 -0.995957 -109.595 0.0405673 0.99517 0.0893906 5.34952 0.999163 -0.0399362 -0.00883846 20.1943 
-0.00633157 0.0898276 -0.995937 -110.783 0.0365411 0.995313 0.089539 5.44065 0.999312 -0.0358257 -0.00958429 20.1984 
-0.00738766 0.0884799 -0.996051 -111.97 0.0327078 0.995566 0.0881943 5.51239 0.999438 -0.031927 -0.0102489 20.197 
-0.00888572 0.0851542 -0.996328 -113.168 0.0317564 0.995889 0.0848334 5.60336 0.999456 -0.030886 -0.0115534 20.1849 
-0.0104658 0.0793095 -0.996795 -114.372 0.0312495 0.996389 0.078949 5.68757 0.999457 -0.030323 -0.0129064 20.1934 
-0.0108905 0.077911 -0.996901 -115.585 0.0328889 0.996448 0.0775163 5.76147 0.9994 -0.0319428 -0.0134143 20.1321 
-0.012623 0.0768835 -0.99696 -116.804 0.0374754 0.996376 0.0763639 5.83339 0.999218 -0.0363976 -0.0154585 20.121 
-0.0132123 0.0743465 -0.997145 -118.026 0.0375163 0.996567 0.0738063 5.89386 0.999209 -0.036434 -0.0159561 20.0903 
-0.0149212 0.0739673 -0.997149 -119.252 0.033231 0.996746 0.0734401 5.96877 0.999336 -0.0320405 -0.0173307 20.0974 
-0.0154343 0.0741536 -0.997127 -120.48 0.0297375 0.996839 0.0736718 6.03019 0.999439 -0.028515 -0.0175906 20.0528 
-0.0179075 0.0742283 -0.99708 -121.718 0.0293902 0.996849 0.0736832 6.09178 0.999408 -0.0279849 -0.0200327 20.0411 
-0.0191562 0.0752228 -0.996983 -122.967 0.0311555 0.996726 0.0746049 6.15881 0.999331 -0.0296323 -0.021437 20.0182 
-0.0203797 0.0798412 -0.996599 -124.226 0.0365651 0.996199 0.0790614 6.22839 0.999123 -0.0348295 -0.0232216 19.9892 
-0.019563 0.0858829 -0.996113 -125.484 0.0401547 0.995567 0.0850473 6.30318 0.999002 -0.0383348 -0.0229249 19.9313 
-0.0188446 0.0920638 -0.995575 -126.741 0.0398859 0.995028 0.0912583 6.39012 0.999027 -0.0379897 -0.022423 19.8733 
-0.0204625 0.0950554 -0.995262 -127.997 0.0374756 0.994843 0.094245 6.49808 0.999088 -0.0353696 -0.0239193 19.8907 
-0.0189521 0.0978095 -0.995025 -129.252 0.0348992 0.994662 0.0971091 6.60778 0.999211 -0.0328851 -0.0222644 19.827 
-0.0173034 0.0965535 -0.995177 -130.507 0.0346525 0.994786 0.095913 6.70196 0.99925 -0.0328257 -0.020559 19.7615 
-0.0179753 0.09455 -0.995358 -131.765 0.0339085 0.995004 0.093904 6.78927 0.999263 -0.0320631 -0.0210915 19.7544 
-0.0176648 0.0936623 -0.995447 -133.014 0.0337369 0.995092 0.0930302 6.90863 0.999275 -0.0319399 -0.020738 19.7181 
-0.0187281 0.0932226 -0.995469 -134.282 0.0390237 0.994953 0.0924401 6.99416 0.999063 -0.0371157 -0.0222715 19.6927 
-0.0198026 0.0922566 -0.995538 -135.557 0.0428485 0.994897 0.0913449 7.09129 0.998885 -0.0408484 -0.0236547 19.6582 
-0.0196417 0.0932608 -0.995448 -136.819 0.0413251 0.994865 0.0923908 7.18837 0.998953 -0.0393223 -0.0233949 19.6414 
-0.0190628 0.0929158 -0.995491 -138.091 0.0397149 0.994957 0.0921054 7.30489 0.999029 -0.0377801 -0.0226568 19.5937 
-0.0181816 0.0919942 -0.995594 -139.35 0.0392056 0.995058 0.0912288 7.39359 0.999066 -0.0373741 -0.0216984 19.5743 
-0.0163917 0.0933877 -0.995495 -140.611 0.0389206 0.994934 0.0926942 7.48262 0.999108 -0.0372259 -0.0199433 19.5159 
-0.0136203 0.0935896 -0.995518 -141.867 0.0407716 0.994834 0.0929675 7.56448 0.999076 -0.0393226 -0.0173658 19.4697 
-0.0126978 0.0952465 -0.995373 -143.128 0.043439 0.994566 0.0946152 7.664 0.998975 -0.0420366 -0.0167662 19.4329 
-0.0107778 0.0960282 -0.99532 -144.378 0.0445923 0.994434 0.0954598 7.75611 0.998947 -0.0433548 -0.0149999 19.3932 
-0.00962456 0.0986107 -0.99508 -145.626 0.0416853 0.9943 0.0981302 7.85563 0.999084 -0.0405357 -0.0136803 19.3714 
-0.00992588 0.0981562 -0.995122 -146.866 0.0386546 0.994464 0.0977059 7.94553 0.999203 -0.0374962 -0.0136651 19.3594 
-0.00723871 0.0945926 -0.99549 -148.105 0.0369583 0.994861 0.0942641 8.03459 0.999291 -0.0361093 -0.0106975 19.2632 
-0.00835673 0.0938741 -0.995549 -149.355 0.037345 0.994919 0.0935011 8.11528 0.999267 -0.0363974 -0.01182 19.2659 
-0.00875714 0.0908588 -0.995825 -150.595 0.0374461 0.995195 0.090472 8.20649 0.99926 -0.0364975 -0.0121174 19.2374 
-0.00863595 0.0900187 -0.995903 -151.836 0.0363695 0.995309 0.0896497 8.27795 0.999301 -0.0354462 -0.0118694 19.1922 
-0.00761872 0.0895762 -0.995951 -153.071 0.0366239 0.995337 0.0892407 8.36354 0.9993 -0.0357957 -0.0108638 19.158 
-0.00698829 0.0865218 -0.996225 -154.31 0.0385012 0.995534 0.0861917 8.46922 0.999234 -0.0377536 -0.0102883 19.1229 
-0.0071126 0.0853714 -0.996324 -155.545 0.0401067 0.995572 0.0850206 8.56035 0.99917 -0.0393545 -0.0105051 19.0926 
-0.00461298 0.0848336 -0.996384 -156.779 0.0388548 0.995658 0.0845919 8.63702 0.999234 -0.038324 -0.00788914 19.0296 
-0.00538799 0.0857594 -0.996301 -158.009 0.0394258 0.995559 0.0854823 8.69934 0.999208 -0.0388194 -0.0087452 19.0112 
-0.00537391 0.0850795 -0.99636 -159.246 0.0443187 0.995415 0.0847598 8.76876 0.999003 -0.0437019 -0.00911989 18.985 
-0.00429701 0.0897751 -0.995953 -160.479 0.0529202 0.994587 0.0894236 8.81737 0.99859 -0.0523217 -0.00902467 18.9614 
-0.00280788 0.0942848 -0.995541 -161.71 0.0530941 0.994155 0.0940037 8.90171 0.998586 -0.0525934 -0.00779743 18.9344 
0.000223682 0.0961287 -0.995369 -162.928 0.0495435 0.994146 0.0960217 8.95884 0.998772 -0.0493355 -0.00454017 18.858 
0.0021634 0.0970567 -0.995277 -164.141 0.0440522 0.994303 0.0970575 9.0532 0.999027 -0.0440541 -0.00212449 18.8224 
0.00308776 0.0997902 -0.995004 -165.359 0.0425705 0.994093 0.099831 9.1474 0.999089 -0.042666 -0.00117859 18.8119 
0.00367766 0.0944819 -0.99552 -166.577 0.0396205 0.994731 0.0945534 9.24004 0.999208 -0.0397907 -8.51282e-05 18.8277 
0.00328907 0.0912285 -0.995825 -167.791 0.0346539 0.995221 0.0912877 9.34498 0.999394 -0.0348094 0.000111937 18.8368 
0.00113169 0.0852083 -0.996363 -168.994 0.0316975 0.995859 0.0852012 9.42564 0.999497 -0.0316786 -0.00157388 18.8571 
8.02543e-05 0.0836709 -0.996493 -170.187 0.0344939 0.9959 0.0836239 9.51546 0.999405 -0.0343796 -0.00280621 18.8412 
-0.000905174 0.0828403 -0.996562 -171.395 0.0408492 0.995734 0.0827344 9.58547 0.999165 -0.0406339 -0.00428527 18.8335 
0.00378273 0.0849312 -0.99638 -172.595 0.0439584 0.995409 0.0850154 9.65118 0.999026 -0.0441208 3.19246e-05 18.7719 
0.00593446 0.0868365 -0.996205 -173.794 0.0410367 0.995362 0.0870075 9.72956 0.99914 -0.0413973 0.00234345 18.7527 
0.00749926 0.0911066 -0.995813 -174.996 0.0407076 0.994988 0.0913377 9.81993 0.999143 -0.0412221 0.00375294 18.7418 
0.00823142 0.0893415 -0.995967 -176.197 0.0419315 0.995094 0.0896098 9.90878 0.999087 -0.0425 0.00444481 18.7487 
0.00741436 0.0885535 -0.996044 -177.386 0.0401277 0.995243 0.088781 9.98923 0.999167 -0.0406272 0.00382565 18.7822 
0.00830125 0.0869686 -0.996176 -178.558 0.0386979 0.995437 0.0872265 10.0674 0.999216 -0.039274 0.00489787 18.7971 
0.0098496 0.0888353 -0.995998 -179.706 0.0412335 0.995163 0.0891686 10.125 0.999101 -0.0419467 0.00613897 18.8056 
0.0102071 0.0878219 -0.996084 -180.822 0.0428818 0.995181 0.0881817 10.2139 0.999028 -0.043614 0.00639192 18.8301 
0.0106727 0.088982 -0.995976 -181.909 0.04462 0.994998 0.0893728 10.2736 0.998947 -0.0453943 0.00664892 18.833 
0.010047 0.0887551 -0.996003 -182.973 0.0457119 0.994971 0.0891243 10.3432 0.998904 -0.0464246 0.00593933 18.8534 
0.00969715 0.0893924 -0.995949 -184.013 0.0472531 0.994842 0.0897531 10.3989 0.998836 -0.047932 0.00542307 18.8678 
0.00803068 0.0895429 -0.995951 -185.019 0.0467858 0.994858 0.0898219 10.4588 0.998873 -0.0473176 0.00380006 18.9192 
0.0106562 0.0907644 -0.995815 -185.994 0.0475097 0.994701 0.0911712 10.4999 0.998814 -0.0482824 0.00628758 18.9046 
0.0115957 0.0907616 -0.995805 -186.941 0.0486272 0.994643 0.0912219 10.5623 0.99875 -0.049481 0.00712006 18.9141 
0.00889498 0.0871145 -0.996159 -187.874 0.0469735 0.995062 0.087438 10.6244 0.998857 -0.0475708 0.00475899 18.9571 
0.00608099 0.0865807 -0.996226 -188.808 0.0447794 0.995222 0.0867668 10.6798 0.998978 -0.045138 0.0021749 18.9516 
0.000964868 0.0867471 -0.99623 -189.729 0.0407719 0.995399 0.0867142 10.7433 0.999168 -0.0407018 -0.00257642 18.9523 
-0.00386115 0.0885015 -0.996069 -190.646 0.0374593 0.99539 0.088296 10.8126 0.999291 -0.0369711 -0.00715855 18.9273 
-0.00937816 0.0909092 -0.995815 -191.571 0.0385195 0.995153 0.090486 10.8401 0.999214 -0.0375097 -0.0128345 18.9529 
-0.0103847 0.092253 -0.995681 -192.482 0.0396336 0.994991 0.0917756 10.8867 0.99916 -0.0385094 -0.013989 18.9141 
-0.00563486 0.0901305 -0.995914 -193.385 0.039655 0.995167 0.0898385 10.9756 0.999198 -0.0389868 -0.00918176 18.7512 
-0.00683985 0.0884339 -0.996059 -194.293 0.0413446 0.995255 0.0880786 11.049 0.999122 -0.0405792 -0.0104637 18.7508 
-0.00859435 0.0865921 -0.996207 -195.201 0.0425176 0.995374 0.0861529 11.0955 0.999059 -0.0416159 -0.0122363 18.7404 
-0.00873446 0.087268 -0.996147 -196.101 0.0405848 0.995395 0.0868463 11.1784 0.999138 -0.0396699 -0.012236 18.7008 
-0.00975439 0.0893542 -0.995952 -197.003 0.0392312 0.995267 0.0889085 11.2448 0.999183 -0.0382052 -0.0132137 18.6911 
-0.00920088 0.0919262 -0.995723 -197.905 0.0398941 0.995006 0.0914914 11.2848 0.999162 -0.0388816 -0.0128222 18.6547 
-0.00737767 0.093603 -0.995582 -198.811 0.03938 0.994864 0.0932437 11.3259 0.999197 -0.0385181 -0.0110259 18.5929 
-0.00518017 0.0936619 -0.995591 -199.716 0.0366823 0.994952 0.0934109 11.3944 0.999314 -0.0360367 -0.00858976 18.5608 
-0.00525896 0.0935728 -0.995599 -200.628 0.0341298 0.995049 0.0933409 11.4666 0.999404 -0.0334887 -0.00842655 18.5555 
-0.00473689 0.0936017 -0.995598 -201.544 0.0334483 0.995067 0.0933927 11.5443 0.999429 -0.0328587 -0.00784434 18.5431 
-0.00308988 0.0915208 -0.995798 -202.469 0.0361785 0.995161 0.09135 11.6211 0.999341 -0.0357442 -0.00638601 18.5169 
-0.00345853 0.0910464 -0.995841 -203.403 0.037714 0.99515 0.0908523 11.6874 0.999283 -0.0372429 -0.00687548 18.5039 
-0.00443033 0.0868843 -0.996209 -204.334 0.033951 0.995657 0.0866852 11.7581 0.999414 -0.0334382 -0.0073609 18.5337 
-0.00403766 0.0857493 -0.996309 -205.272 0.0308048 0.995855 0.0855854 11.8298 0.999517 -0.0303456 -0.00666241 18.5324 
-0.00363601 0.0903246 -0.995906 -206.221 0.031061 0.995442 0.0901691 11.9107 0.999511 -0.030606 -0.00642501 18.5348 
-0.00157044 0.091322 -0.99582 -207.186 0.0351509 0.995211 0.0912107 11.9775 0.999381 -0.0348607 -0.00477297 18.5116 
0.000320374 0.089468 -0.99599 -208.148 0.0347488 0.995387 0.0894251 12.0514 0.999396 -0.0346381 -0.00279001 18.5092 
0.00293328 0.088762 -0.996049 -209.144 0.0353781 0.99542 0.0888102 12.1447 0.99937 -0.0354988 -0.00022038 18.497 
0.00385462 0.0896431 -0.995966 -210.138 0.0408296 0.995129 0.0897258 12.2178 0.999159 -0.0410107 0.000175758 18.5153 
0.00491417 0.0867931 -0.996214 -211.149 0.0450759 0.995194 0.0869266 12.2855 0.998971 -0.0453324 0.000978281 18.5218 
0.00605208 0.0856841 -0.996304 -212.157 0.0476644 0.995165 0.0858757 12.3204 0.998845 -0.048008 0.00193873 18.5261 
0.00860273 0.0876748 -0.996112 -213.188 0.0482961 0.99495 0.0879896 12.3847 0.998796 -0.0488653 0.00432494 18.5114 
0.011738 0.0894889 -0.995919 -214.231 0.050215 0.994678 0.0899692 12.4659 0.998669 -0.0510661 0.00718188 18.5126 
0.0185038 0.0910324 -0.995676 -215.283 0.0506769 0.994481 0.0918649 12.5282 0.998544 -0.0521577 0.0137885 18.4743 
0.0214845 0.0923807 -0.995492 -216.31 0.0480879 0.994474 0.093324 12.6032 0.998612 -0.0498761 0.0169233 18.487 
0.0245997 0.091859 -0.995468 -217.31 0.0457738 0.994622 0.0929121 12.6669 0.998649 -0.047852 0.0202627 18.4998 
0.0264629 0.0921183 -0.995396 -218.333 0.0445771 0.994646 0.0932339 12.7587 0.998655 -0.0468391 0.0222148 18.5148 
0.0283816 0.0929584 -0.995265 -219.388 0.046689 0.994457 0.0942142 12.8464 0.998506 -0.0491419 0.0238841 18.5222 
0.0287638 0.0942674 -0.995131 -220.43 0.0493113 0.994197 0.0956043 12.9429 0.998369 -0.0518212 0.0239485 18.5645 
0.0300668 0.0940031 -0.995118 -221.473 0.0490339 0.994231 0.0954008 13.0274 0.998344 -0.0516629 0.025284 18.5964 
0.0313995 0.0919313 -0.99527 -222.522 0.0457954 0.994583 0.0933126 13.1135 0.998457 -0.0485088 0.0270194 18.595 
0.03103 0.0892305 -0.995528 -223.58 0.0429037 0.99497 0.0905178 13.193 0.998597 -0.0455206 0.0270456 18.6265 
0.0310338 0.0873292 -0.995696 -224.645 0.0418877 0.995187 0.0885901 13.2778 0.99864 -0.0444567 0.0272264 18.6495 
0.0311414 0.0878118 -0.99565 -225.725 0.0413368 0.995168 0.0890622 13.344 0.99866 -0.0439306 0.0273611 18.683 
0.031203 0.087915 -0.995639 -226.829 0.0418346 0.995136 0.0891817 13.416 0.998637 -0.0444349 0.0273734 18.7209 
0.0310191 0.0898031 -0.995476 -227.939 0.0423746 0.994942 0.0910753 13.5107 0.99862 -0.0450079 0.0270569 18.7513 
0.0308082 0.0891113 -0.995545 -229.058 0.0450869 0.99488 0.090447 13.5925 0.998508 -0.0476726 0.0266328 18.7623 
0.0285602 0.0900452 -0.995528 -230.178 0.0466466 0.994729 0.0913112 13.6923 0.998503 -0.0490459 0.0242093 18.817 
0.0282703 0.0914755 -0.995406 -231.307 0.0475177 0.994555 0.0927468 13.807 0.99847 -0.0499214 0.0237697 18.8496 
0.0281806 0.0941019 -0.995164 -232.449 0.0482115 0.994272 0.0953829 13.8997 0.99844 -0.0506663 0.0234824 18.8547 
0.0280102 0.096411 -0.994947 -233.592 0.046849 0.994118 0.0976495 13.9881 0.998509 -0.0493475 0.0233287 18.8599 
0.0250252 0.0915998 -0.995481 -234.739 0.0429058 0.994777 0.0926136 14.0793 0.998766 -0.0450296 0.0209644 18.8939 
0.0237388 0.0907802 -0.995588 -235.888 0.0351162 0.995178 0.0915802 14.2001 0.999101 -0.0371353 0.0204365 18.9411 
0.0215769 0.0864168 -0.996025 -237.056 0.0307369 0.995729 0.0870569 14.2925 0.999295 -0.0324931 0.0188285 18.9515 
0.0196642 0.0801109 -0.996592 -238.232 0.0313041 0.996247 0.0807008 14.3731 0.999316 -0.0327843 0.0170826 18.9835 
0.0175506 0.0752048 -0.997014 -239.421 0.0357242 0.996483 0.0757936 14.4556 0.999208 -0.0369478 0.0148022 18.9903 
0.0149182 0.0727807 -0.997236 -240.611 0.0380307 0.996584 0.073302 14.535 0.999165 -0.0390191 0.0120993 19.01 
0.0106538 0.0713019 -0.997398 -241.809 0.0379735 0.996706 0.0716581 14.6095 0.999222 -0.0386381 0.00791112 19.0386 
0.00983637 0.0717004 -0.997378 -243.015 0.0380669 0.996676 0.0720254 14.6867 0.999227 -0.0386755 0.00707426 19.021 
0.00781524 0.0693295 -0.997563 -244.222 0.0393059 0.996801 0.0695845 14.774 0.999197 -0.0397539 0.00506518 19.005 
0.00536796 0.0688163 -0.997615 -245.436 0.0389471 0.996858 0.0689737 14.8383 0.999227 -0.0392244 0.0026709 19.0082 
0.00216911 0.0695552 -0.997576 -246.657 0.0364869 0.996908 0.069588 14.9094 0.999332 -0.0365494 -0.000375449 18.9983 
0.00186415 0.0700984 -0.997538 -247.88 0.035472 0.996908 0.0701204 14.9786 0.999369 -0.0355154 -0.000628144 18.9582 
0.00081996 0.0706959 -0.997498 -249.119 0.0362741 0.996839 0.0706791 15.0484 0.999342 -0.0362413 -0.00174706 18.9394 
-0.00137119 0.0715032 -0.997439 -250.361 0.036575 0.996777 0.0714054 15.1209 0.99933 -0.0363834 -0.00398199 18.9291 
-0.00295748 0.0740509 -0.99725 -251.608 0.0380785 0.99654 0.0738852 15.1673 0.99927 -0.0377553 -0.00576699 18.8978 
-0.00427416 0.0777701 -0.996962 -252.846 0.039284 0.996215 0.0775434 15.2523 0.999219 -0.0388333 -0.0073131 18.857 
-0.00539105 0.0800847 -0.996773 -254.083 0.0401131 0.996003 0.0798059 15.3185 0.999181 -0.0395534 -0.00858195 18.8346 
-0.00569036 0.0831466 -0.996521 -255.338 0.0406505 0.995733 0.0828487 15.3935 0.999157 -0.0400377 -0.00904603 18.7981 
-0.00312526 0.082924 -0.996551 -256.593 0.0402714 0.995758 0.0827317 15.4762 0.999184 -0.039874 -0.00645147 18.7257 
-0.0031356 0.0814664 -0.996671 -257.842 0.039095 0.995924 0.0812823 15.5572 0.999231 -0.03871 -0.00630775 18.6975 
-0.00373477 0.0792783 -0.996846 -259.088 0.0380553 0.996142 0.0790798 15.6242 0.999269 -0.0376399 -0.00673732 18.6795 
-0.00303124 0.0781214 -0.996939 -260.345 0.0375972 0.996248 0.0779529 15.7055 0.999288 -0.0372458 -0.00595701 18.6452 
-0.0024973 0.0780283 -0.996948 -261.606 0.0376359 0.996252 0.0778796 15.7898 0.999288 -0.0373265 -0.0054246 18.6544 
-0.00263451 0.0780148 -0.996949 -262.863 0.0382699 0.99623 0.0778575 15.8411 0.999264 -0.037948 -0.00561019 18.6411 
-0.00232662 0.0776892 -0.996975 -264.117 0.0388565 0.996232 0.0775406 15.9093 0.999242 -0.0385585 -0.00533658 18.635 
-0.0020323 0.0756232 -0.997134 -265.365 0.03981 0.996352 0.0754827 15.9771 0.999205 -0.0395425 -0.00503544 18.6083 
-0.00226942 0.0715183 -0.997437 -266.625 0.0428055 0.996532 0.0713561 16.0368 0.999081 -0.0425338 -0.00532292 18.6168 
-0.00170852 0.0694937 -0.997581 -267.879 0.0460289 0.996531 0.0693417 16.116 0.998939 -0.0457991 -0.00490132 18.5724 
-0.000898238 0.0662547 -0.997802 -269.132 0.0481509 0.996648 0.0661347 16.1663 0.99884 -0.0479857 -0.00408545 18.5316 
-0.000399339 0.0675944 -0.997713 -270.373 0.0467848 0.996622 0.0675018 16.216 0.998905 -0.0466508 -0.00356038 18.5182 
-0.00029403 0.0699756 -0.997549 -271.612 0.0454902 0.996517 0.0698898 16.2714 0.998965 -0.0453582 -0.00347621 18.5048 
-0.000509324 0.0758275 -0.997121 -272.86 0.0491015 0.99592 0.0757111 16.3212 0.998794 -0.0489216 -0.00423049 18.4797 
8.0299e-05 0.0810205 -0.996712 -274.11 0.0550377 0.995201 0.0809021 16.3944 0.998484 -0.0548632 -0.00437927 18.4488 
0.000647374 0.0849315 -0.996387 -275.349 0.0549082 0.994881 0.0848388 16.4575 0.998491 -0.0547647 -0.00401938 18.4166 
0.00163073 0.0854343 -0.996342 -276.578 0.0478759 0.995195 0.0854143 16.53 0.998852 -0.04784 -0.00246735 18.391 
0.000802301 0.0827919 -0.996567 -277.8 0.0422324 0.995675 0.0827519 16.6067 0.999107 -0.0421538 -0.00269767 18.3966 
0.000796461 0.0777847 -0.99697 -279.027 0.0406852 0.996142 0.0777527 16.6962 0.999172 -0.0406238 -0.00237129 18.3956 
0.00131123 0.0744537 -0.997224 -280.262 0.0416925 0.996353 0.0744435 16.7941 0.99913 -0.0416744 -0.00179771 18.3681 
0.00248574 0.0722629 -0.997383 -281.497 0.0444292 0.996393 0.0723019 16.8532 0.999009 -0.0444926 -0.000733808 18.3578 
0.00195394 0.0733393 -0.997305 -282.738 0.0475798 0.996171 0.0733491 16.8927 0.998866 -0.0475949 -0.00154301 18.3883 
0.00414764 0.0756223 -0.997128 -283.972 0.0488256 0.995932 0.0757347 16.9577 0.998799 -0.0489995 0.00043846 18.3868 
0.00400194 0.0768753 -0.997033 -285.204 0.0500858 0.995774 0.0769793 17.0259 0.998737 -0.0502452 0.000134665 18.3946 
0.00487823 0.0761093 -0.997088 -286.426 0.0491465 0.995876 0.0762573 17.0999 0.99878 -0.0493753 0.00111762 18.3812 
0.00499739 0.0763016 -0.997072 -287.647 0.0478021 0.995927 0.0764535 17.1567 0.998844 -0.0480442 0.00132966 18.3938 
0.00597617 0.0759979 -0.99709 -288.866 0.0461308 0.996025 0.0761932 17.2372 0.998918 -0.0464519 0.00244657 18.3753 
0.00640899 0.076105 -0.997079 -290.088 0.0452087 0.996058 0.0763177 17.3096 0.998957 -0.0455658 0.00294312 18.3638 
0.00629897 0.0762754 -0.997067 -291.314 0.0455189 0.996031 0.0764837 17.367 0.998944 -0.0458671 0.002802 18.3746 
0.00578757 0.077387 -0.996984 -292.535 0.0459418 0.995928 0.0775717 17.4402 0.998927 -0.0462522 0.0022087 18.4071 
0.00705299 0.0763067 -0.997059 -293.759 0.0460128 0.996003 0.0765514 17.5037 0.998916 -0.0464174 0.00351372 18.3937 
0.00694899 0.0767858 -0.997023 -294.982 0.044499 0.996036 0.0770199 17.5644 0.998985 -0.0449018 0.00350455 18.4139 
0.00666941 0.076225 -0.997068 -296.234 0.0419892 0.99619 0.0764387 17.636 0.999096 -0.0423759 0.00344337 18.4163 
0.00744592 0.0776254 -0.996955 -297.423 0.0389532 0.996203 0.0778578 17.6996 0.999213 -0.0394143 0.0043939 18.3578 
0.00685134 0.0794213 -0.996818 -298.652 0.0377616 0.996109 0.0796244 17.7747 0.999263 -0.0381869 0.00382561 18.3823 
0.00656813 0.0824749 -0.996572 -299.884 0.0383341 0.99584 0.082667 17.8427 0.999243 -0.0387456 0.00337921 18.3585 
0.00658946 0.0853976 -0.996325 -301.118 0.0398462 0.995533 0.0855933 17.9118 0.999184 -0.0402638 0.00315726 18.3468 
0.00597971 0.0889371 -0.996019 -302.348 0.0410343 0.995176 0.0891082 17.9955 0.99914 -0.0414038 0.00230139 18.3535 
0.00633726 0.090229 -0.995901 -303.589 0.0407157 0.995072 0.0904129 18.0879 0.999151 -0.0411217 0.00263229 18.3314 
0.00536929 0.0916134 -0.99578 -304.83 0.0385132 0.995037 0.0917527 18.1928 0.999244 -0.0388433 0.00181432 18.3772 
0.00551116 0.0885295 -0.996058 -306.075 0.0370016 0.995373 0.0886733 18.2725 0.9993 -0.0373444 0.00220994 18.3411 
0.0054693 0.085462 -0.996326 -307.322 0.0364819 0.995661 0.0856051 18.3614 0.999319 -0.0368161 0.00232776 18.3094 
0.00344517 0.083473 -0.996504 -308.571 0.0385523 0.995758 0.0835437 18.448 0.999251 -0.0387054 0.000212479 18.3183 
