1 0 0 0 0 1 0 0 0 0 1 0 
0.999997 -0.00151277 -0.0020998 0.037411 0.00151861 0.999995 0.00278121 -0.0188746 0.00209559 -0.00278439 0.999994 1.52871 
0.999992 -0.00243141 -0.00302922 0.00773817 0.00244326 0.999989 0.00391618 -0.0438 0.00301967 -0.00392356 0.999988 3.05194 
0.999981 -0.00101994 -0.0060978 0.0463368 0.00104237 0.999993 0.00367632 -0.0634742 0.006094 -0.00368261 0.999975 4.5655 
0.999961 -0.00135688 -0.00876789 0.0406294 0.0013941 0.99999 0.00424002 -0.0966668 0.00876205 -0.00425207 0.999953 6.07842 
0.999946 -0.00154715 -0.0102435 0.0323454 0.00158666 0.999991 0.00385006 -0.0947159 0.0102374 -0.00386611 0.99994 7.61446 
0.999935 -0.00116559 -0.011369 0.0117673 0.00121157 0.999991 0.00403845 -0.106922 0.0113642 -0.00405196 0.999927 9.09831 
0.999899 -0.00317468 -0.0138679 -0.00702765 0.00322155 0.999989 0.00335851 -0.1246 0.013857 -0.00340285 0.999898 10.5985 
0.999883 -0.00432919 -0.0146456 -0.0619105 0.00437836 0.999985 0.0033267 -0.138525 0.014631 -0.00339044 0.999887 12.0925 
0.999858 -0.00530389 -0.0159789 -0.0877779 0.00536583 0.999978 0.00383556 -0.163799 0.0159582 -0.00392076 0.999865 13.5854 
0.999872 -0.00615539 -0.0147838 -0.168418 0.00620434 0.999975 0.00326788 -0.174532 0.0147633 -0.00335918 0.999885 15.0721 
0.999853 -0.00560586 -0.0161728 -0.19047 0.00566509 0.999977 0.00361922 -0.190286 0.0161522 -0.00371031 0.999863 16.5568 
0.999881 -0.00303021 -0.0151422 -0.239262 0.00309421 0.999986 0.00420526 -0.209535 0.0151292 -0.00425161 0.999877 18.0389 
0.999878 -0.00199003 -0.0155107 -0.28607 0.00205398 0.999989 0.00410777 -0.201472 0.0155023 -0.00413913 0.999871 19.5123 
0.999878 0.000512832 -0.0156059 -0.330441 -0.000439552 0.999989 0.00469875 -0.21564 0.0156082 -0.00469132 0.999867 20.9853 
0.999865 0.00152392 -0.0163686 -0.349416 -0.00144625 0.999988 0.00475608 -0.238284 0.0163757 -0.00473177 0.999855 22.4473 
0.999864 0.00265542 -0.0162506 -0.396824 -0.0025692 0.999983 0.00532426 -0.247966 0.0162645 -0.00528179 0.999854 23.904 
0.999864 0.00383462 -0.0160322 -0.452758 -0.00372646 0.99997 0.00677078 -0.271981 0.0160577 -0.00671012 0.999849 25.3554 
0.999834 0.00444084 -0.017662 -0.458139 -0.00433303 0.999972 0.00613777 -0.301185 0.0176888 -0.00606022 0.999825 26.7965 
0.999826 0.0059185 -0.017711 -0.500068 -0.00583653 0.999972 0.00467644 -0.326703 0.0177382 -0.00457225 0.999832 28.2292 
0.999866 0.00593351 -0.0152287 -0.554164 -0.00587122 0.999974 0.00413181 -0.341964 0.0152528 -0.00404184 0.999875 29.654 
0.999873 0.00527743 -0.0150418 -0.603586 -0.0051719 0.999962 0.00704587 -0.370854 0.0150784 -0.00696718 0.999862 31.0747 
0.999883 0.0045157 -0.0146335 -0.640253 -0.00440179 0.99996 0.00780723 -0.369903 0.0146681 -0.0077419 0.999862 32.4859 
0.999877 0.00449088 -0.0150302 -0.628727 -0.00438941 0.999967 0.00677712 -0.378172 0.0150601 -0.00671031 0.999864 33.8807 
0.999877 0.00382167 -0.0151912 -0.624323 -0.00374311 0.999979 0.00519649 -0.39621 0.0152107 -0.00513899 0.999871 35.2651 
0.999914 0.00379457 -0.0125576 -0.691024 -0.00373706 0.999982 0.00459926 -0.427908 0.0125748 -0.00455194 0.999911 36.6313 
0.99991 0.00668666 -0.0116427 -0.707317 -0.00664487 0.999971 0.00362453 -0.430327 0.0116666 -0.00354684 0.999926 37.9879 
0.999938 0.00555417 -0.00969602 -0.737791 -0.005504 0.999971 0.00519302 -0.457839 0.00972458 -0.00513933 0.99994 39.3219 
0.999949 0.00571995 -0.00835793 -0.746038 -0.00565718 0.999956 0.00751476 -0.47502 0.00840055 -0.00746709 0.999937 40.646 
0.999958 0.00530888 -0.00744671 -0.730789 -0.005247 0.999952 0.00830457 -0.468163 0.00749043 -0.00826515 0.999938 41.9494 
0.999968 0.00625379 -0.00506745 -0.750301 -0.00620729 0.999939 0.00914073 -0.484387 0.00512431 -0.00910898 0.999945 43.2317 
0.999978 0.00650746 -0.00136738 -0.750867 -0.00649581 0.999944 0.00835937 -0.490682 0.0014217 -0.00835031 0.999964 44.4952 
0.999981 0.00603726 0.00158542 -0.741984 -0.00604862 0.999955 0.00726164 -0.517249 -0.00154151 -0.00727109 0.999972 45.7363 
0.999966 0.00646538 0.00509765 -0.731048 -0.00649177 0.999966 0.00517744 -0.518377 -0.005064 -0.00521035 0.999974 46.9697 
0.999933 0.00616968 0.00975189 -0.714607 -0.00622749 0.999963 0.00590809 -0.547644 -0.00971508 -0.00596842 0.999935 48.1896 
0.999845 0.0076949 0.015804 -0.70982 -0.00778103 0.999955 0.00539544 -0.550211 -0.0157618 -0.00551758 0.999861 49.3993 
0.999718 0.00832736 0.0222168 -0.696948 -0.00843215 0.999954 0.00462713 -0.579327 -0.0221772 -0.00481316 0.999742 50.5971 
0.999545 0.00948981 0.0286306 -0.632231 -0.00961912 0.999944 0.00438227 -0.582263 -0.0285875 -0.00465568 0.99958 51.7812 
0.999357 0.0100604 0.0344052 -0.559927 -0.0102646 0.999931 0.00576335 -0.602652 -0.0343449 -0.0061128 0.999391 52.9567 
0.998956 0.0114054 0.0442332 -0.508175 -0.0116948 0.999912 0.00628957 -0.613344 -0.0441576 -0.0068003 0.999001 54.1204 
0.998339 0.0123996 0.0562583 -0.441374 -0.012816 0.999893 0.00704713 -0.640176 -0.0561649 -0.00775643 0.998391 55.2673 
0.997362 0.0147005 0.0710775 -0.382577 -0.0152794 0.999854 0.00760753 -0.651173 -0.0709553 -0.00867348 0.997442 56.3988 
0.996228 0.0168655 0.0851163 -0.271518 -0.0176303 0.999811 0.00824184 -0.64856 -0.0849612 -0.00971138 0.996337 57.5152 
0.994561 0.0160836 0.102905 -0.174782 -0.0171627 0.999807 0.00960948 -0.659506 -0.10273 -0.0113233 0.994645 58.6252 
0.99236 0.0157933 0.122358 -0.0622836 -0.0170454 0.999812 0.00919269 -0.671699 -0.12219 -0.0112081 0.992443 59.7182 
0.989676 0.0144831 0.142592 0.0857712 -0.015853 0.999838 0.00847563 -0.67834 -0.142446 -0.0106486 0.989745 60.7938 
0.986505 0.0112151 0.163346 0.266691 -0.0127874 0.999881 0.00857739 -0.673506 -0.163231 -0.0105504 0.986531 61.8534 
0.982746 0.00617441 0.184856 0.463281 -0.00852727 0.999892 0.0119358 -0.691766 -0.184762 -0.0133062 0.982693 62.8987 
0.978084 0.000868237 0.208207 0.682626 -0.00395316 0.999888 0.014401 -0.703006 -0.208171 -0.0149085 0.977979 63.9279 
0.972853 -0.00442281 0.231383 0.949715 0.000972052 0.999887 0.0150255 -0.722607 -0.231423 -0.0143927 0.972747 64.9326 
0.966774 -0.0110354 0.255396 1.26537 0.0076521 0.999869 0.0142372 -0.693893 -0.255519 -0.0118098 0.966732 65.906 
0.959952 -0.0155094 0.279735 1.59667 0.0116021 0.999811 0.0156184 -0.692548 -0.279924 -0.0117474 0.95995 66.8654 
0.951532 -0.0182756 0.307006 1.88191 0.0131105 0.999736 0.0188783 -0.727437 -0.307269 -0.0139383 0.95152 67.8278 
0.942013 -0.0225031 0.334822 2.22229 0.0159045 0.999622 0.0224369 -0.727 -0.3352 -0.0158107 0.942014 68.7672 
0.930417 -0.0254565 0.365618 2.5569 0.0187529 0.999585 0.021875 -0.720704 -0.366023 -0.0134964 0.930508 69.6934 
0.918152 -0.0266554 0.39533 2.92212 0.0212325 0.999611 0.0180871 -0.725682 -0.395658 -0.00821287 0.918361 70.5904 
0.904965 -0.0303508 0.424402 3.3362 0.0269659 0.999539 0.013981 -0.722328 -0.424631 -0.0012079 0.905366 71.4562 
0.891059 -0.0338824 0.452621 3.78967 0.0314649 0.999422 0.0128712 -0.729413 -0.452796 0.00277263 0.89161 72.2983 
0.874494 -0.0327432 0.48393 4.18443 0.0295088 0.999462 0.0143002 -0.740348 -0.484137 0.00177477 0.87499 73.1678 
0.856841 -0.0281123 0.514813 4.68734 0.0234822 0.999604 0.015502 -0.72667 -0.515045 -0.00119378 0.857162 73.9793 
0.837119 -0.0263578 0.546385 5.19436 0.0202861 0.999647 0.0171429 -0.742637 -0.546644 -0.00326663 0.837359 74.7738 
0.815803 -0.0229965 0.577873 5.70787 0.0203 0.999732 0.0111262 -0.769215 -0.577974 0.00265399 0.816051 75.5493 
0.794407 -0.0196931 0.607066 6.2892 0.0226466 0.99974 0.00279591 -0.765036 -0.606963 0.0115269 0.794647 76.267 
0.771999 -0.018207 0.635363 6.87715 0.0236183 0.999721 -4.95337e-05 -0.761793 -0.635184 0.0150445 0.772214 76.971 
0.749418 -0.0192462 0.661817 7.50798 0.02327 0.999726 0.0027227 -0.760202 -0.661688 0.0133601 0.74966 77.6434 
0.725478 -0.0198876 0.687957 8.13061 0.0247318 0.99969 0.00281855 -0.748848 -0.6878 0.0149696 0.725746 78.3102 
0.701093 -0.0202663 0.712782 8.79324 0.0280171 0.999607 0.000863794 -0.751252 -0.712519 0.0193645 0.701385 78.9165 
0.675588 -0.0192533 0.737028 9.47448 0.0299734 0.99955 -0.00136363 -0.768042 -0.73667 0.0230125 0.675861 79.5041 
0.649916 -0.0168413 0.759819 10.1848 0.0301889 0.999537 -0.00366757 -0.77582 -0.759406 0.0253217 0.650124 80.0521 
0.622176 -0.0160313 0.782713 10.8911 0.0319682 0.999477 -0.0049405 -0.778224 -0.782224 0.0280958 0.622363 80.6148 
0.594286 -0.0150504 0.804113 11.6228 0.0383778 0.999217 -0.00966124 -0.785009 -0.803337 0.0366016 0.594398 81.1409 
0.564622 -0.0103525 0.825285 12.3691 0.0441369 0.998869 -0.0176664 -0.818347 -0.824169 0.0464004 0.56444 81.6515 
0.534324 -0.00597932 0.845259 13.1462 0.0497279 0.998465 -0.024372 -0.836422 -0.843816 0.0550555 0.533801 82.1422 
0.503168 0.000454383 0.864189 13.9423 0.0504537 0.998279 -0.0299012 -0.87201 -0.862715 0.0586468 0.502279 82.6161 
0.473175 0.0060745 0.880947 14.7935 0.0464921 0.998411 -0.0318563 -0.898866 -0.879741 0.0560307 0.472141 82.9848 
0.439991 0.0143832 0.897887 15.6236 0.0391156 0.998616 -0.0351646 -0.965733 -0.89715 0.0505935 0.438819 83.414 
0.405008 0.0194338 0.914107 16.4499 0.0392544 0.998483 -0.0386199 -0.95618 -0.91347 0.0515241 0.403631 83.8385 
0.371591 0.0289036 0.927946 17.3312 0.0364004 0.998293 -0.0456711 -0.999038 -0.927683 0.0507486 0.369905 84.1619 
0.337458 0.0377386 0.940584 18.2251 0.0334188 0.998086 -0.0520355 -1.05886 -0.940747 0.048993 0.33555 84.447 
0.29743 0.0439795 0.95373 19.09 0.0324606 0.997895 -0.0561392 -1.10223 -0.954192 0.0476562 0.295376 84.8294 
0.261637 0.0456135 0.964088 20.0059 0.0319513 0.997926 -0.0558855 -1.15375 -0.964637 0.0454256 0.259637 85.0802 
0.226231 0.0490238 0.972839 20.9403 0.0309343 0.997867 -0.0574787 -1.22247 -0.973582 0.0430975 0.224232 85.286 
0.191816 0.049372 0.980188 21.8877 0.0314917 0.99791 -0.0564273 -1.264 -0.980926 0.0416914 0.18986 85.4412 
0.157362 0.0433319 0.98659 22.8406 0.0327098 0.99826 -0.0490618 -1.32814 -0.986999 0.0399916 0.155671 85.5765 
0.123648 0.0429016 0.991398 23.7932 0.0365931 0.998188 -0.0477594 -1.39046 -0.991651 0.0421837 0.121854 85.6885 
0.0908374 0.0440028 0.994893 24.7519 0.0419674 0.997967 -0.0479706 -1.44208 -0.994981 0.0461106 0.088806 85.7707 
0.0609642 0.0394762 0.997359 25.7142 0.0468503 0.998003 -0.0423654 -1.48199 -0.99704 0.0493094 0.058993 85.8407 
0.0355132 0.039311 0.998596 26.6846 0.0453194 0.998135 -0.0409045 -1.5228 -0.998341 0.0467084 0.0336654 85.8776 
0.0127202 0.0384473 0.99918 27.6655 0.0420078 0.998358 -0.0389505 -1.57507 -0.999036 0.0424688 0.0110843 85.8946 
-0.006626 0.0393993 0.999202 28.6485 0.0393154 0.998461 -0.0391094 -1.61911 -0.999205 0.0390249 -0.0081648 85.9069 
-0.0232116 0.0402885 0.998918 29.6277 0.0434693 0.998283 -0.0392528 -1.65088 -0.998785 0.0425111 -0.024923 85.8531 
-0.0383741 0.0388255 0.998509 30.6099 0.0474276 0.99819 -0.0369903 -1.71605 -0.998137 0.0459374 -0.0401461 85.8344 
-0.0506538 0.0344858 0.998121 31.5955 0.0500578 0.998235 -0.0319494 -1.79633 -0.997461 0.0483453 -0.0522906 85.8051 
-0.0593704 0.0287082 0.997823 32.586 0.0524864 0.998293 -0.0255988 -1.82851 -0.996855 0.0508523 -0.0607759 85.7211 
-0.0656438 0.0261597 0.9975 33.5788 0.0581597 0.998057 -0.0223469 -1.85732 -0.996147 0.0565474 -0.0670377 85.6612 
-0.0690989 0.0237895 0.997326 34.5713 0.062588 0.99785 -0.0194657 -1.88047 -0.995645 0.0610756 -0.0704392 85.5775 
-0.0725388 0.0217316 0.997129 35.5732 0.0653561 0.997717 -0.0169899 -1.92852 -0.995222 0.063936 -0.0737936 85.5338 
-0.0731228 0.0209331 0.997103 36.5746 0.0681524 0.997548 -0.0159445 -1.95897 -0.994992 0.0667891 -0.0743702 85.4376 
-0.0750048 0.0198573 0.996985 37.5786 0.0712199 0.997355 -0.0145067 -1.98403 -0.994637 0.0699171 -0.0762207 85.3452 
-0.0767394 0.0187254 0.996875 38.5848 0.0746413 0.997126 -0.0129842 -2.00148 -0.994253 0.0734117 -0.0779166 85.2573 
-0.0797399 0.0157384 0.996691 39.5997 0.0755268 0.997097 -0.0097023 -2.02513 -0.99395 0.0745032 -0.0806971 85.1887 
-0.0815815 0.0156369 0.996544 40.621 0.0743207 0.997189 -0.00956275 -2.04028 -0.993892 0.0732837 -0.0825143 85.0909 
-0.0841669 0.0155881 0.99633 41.6449 0.0735961 0.997244 -0.00938528 -2.07266 -0.99373 0.0725361 -0.0850821 85.0204 
-0.0864465 0.0162845 0.996123 42.6677 0.074786 0.997151 -0.00981117 -2.09126 -0.993446 0.073648 -0.0874181 84.9305 
-0.0884129 0.0169645 0.995939 43.6917 0.0766615 0.997005 -0.0101771 -2.11182 -0.993129 0.0754504 -0.0894486 84.8177 
-0.0907831 0.0192813 0.995684 44.7256 0.079289 0.996779 -0.0120732 -2.12866 -0.992709 0.0778508 -0.0920195 84.7261 
-0.0926087 0.0229289 0.995439 45.7623 0.083643 0.99638 -0.0151691 -2.14434 -0.992183 0.0818567 -0.0941914 84.6174 
-0.0951525 0.0259274 0.995125 46.8033 0.0881803 0.99595 -0.0175172 -2.17455 -0.991549 0.0860836 -0.0970535 84.5364 
-0.0969648 0.0286342 0.994876 47.8479 0.0908968 0.995664 -0.0197977 -2.20616 -0.991128 0.0885114 -0.099147 84.4239 
-0.0997357 0.0303219 0.994552 48.8984 0.0896854 0.995741 -0.0213643 -2.23247 -0.990964 0.087066 -0.10203 84.3316 
-0.101853 0.0337604 0.994226 49.9586 0.0861199 0.995971 -0.0249971 -2.25894 -0.991065 0.0830766 -0.10435 84.213 
-0.104407 0.0340974 0.99395 51.0184 0.0843863 0.996112 -0.0253075 -2.29501 -0.990948 0.0812335 -0.106878 84.107 
-0.106804 0.0336633 0.99371 52.0823 0.0848123 0.996093 -0.0246284 -2.34473 -0.990656 0.0816484 -0.109242 84.0254 
-0.109344 0.0338777 0.993427 53.1464 0.0879148 0.995832 -0.0242832 -2.35984 -0.990109 0.0846817 -0.111866 83.9335 
-0.11021 0.0342277 0.993319 54.2101 0.0909388 0.995562 -0.0242152 -2.38137 -0.989739 0.0876625 -0.112833 83.8081 
-0.110477 0.0358951 0.99323 55.2842 0.0922419 0.995405 -0.0257136 -2.41503 -0.989589 0.0887766 -0.113281 83.6877 
-0.109141 0.0391108 0.993257 56.36 0.092001 0.995334 -0.0290834 -2.44629 -0.98976 0.0882064 -0.11223 83.549 
-0.109963 0.043758 0.992972 57.4428 0.0924102 0.995153 -0.0336205 -2.49166 -0.989631 0.0880638 -0.113473 83.4669 
-0.109566 0.0478011 0.992829 58.523 0.0937085 0.994891 -0.0375589 -2.55759 -0.989552 0.0889214 -0.113486 83.357 
-0.10917 0.0532864 0.992594 59.6114 0.0956995 0.994487 -0.0428625 -2.59954 -0.989406 0.0903115 -0.113668 83.2477 
-0.109475 0.0568479 0.992363 60.7051 0.0950424 0.994388 -0.046479 -2.69332 -0.989435 0.0892283 -0.114263 83.1469 
-0.110003 0.0563731 0.992331 61.8138 0.0887511 0.994959 -0.0466841 -2.77485 -0.989961 0.0829351 -0.114452 83.0212 
-0.110065 0.052843 0.992519 62.9174 0.0794729 0.995856 -0.0442076 -2.83257 -0.990742 0.0740126 -0.113809 82.875 
-0.11076 0.0481037 0.992682 64.0314 0.0730589 0.99652 -0.040138 -2.87573 -0.991158 0.0680786 -0.113889 82.7514 
-0.111136 0.0400925 0.992996 65.1348 0.0732893 0.996796 -0.0320434 -2.9283 -0.991099 0.0692148 -0.113718 82.6075 
-0.110941 0.0350575 0.993208 66.2437 0.0778498 0.996613 -0.0264819 -2.96913 -0.990773 0.0743832 -0.113294 82.4885 
-0.110901 0.0319138 0.993319 67.357 0.0825974 0.996322 -0.0227886 -3.01567 -0.990393 0.0795183 -0.113129 82.3696 
-0.111236 0.0312877 0.993301 68.4773 0.0867161 0.995998 -0.0216617 -3.05061 -0.990004 0.0837257 -0.113504 82.2724 
-0.110961 0.0343454 0.993231 69.6063 0.085977 0.995988 -0.0248357 -3.06136 -0.990099 0.0826393 -0.113468 82.148 
-0.110776 0.035343 0.993217 70.7425 0.0814172 0.996331 -0.0263732 -3.09482 -0.990505 0.0779434 -0.113247 82.022 
-0.110016 0.0380772 0.9932 71.8821 0.0798698 0.996373 -0.0293517 -3.13124 -0.990716 0.0760975 -0.112658 81.8967 
-0.109687 0.0394739 0.993182 73.018 0.0812393 0.996224 -0.0306227 -3.16512 -0.990641 0.0773265 -0.11248 81.7757 
-0.109355 0.0392758 0.993226 74.1571 0.0860541 0.995842 -0.0299046 -3.21463 -0.990271 0.082201 -0.11228 81.6472 
-0.108762 0.0397241 0.993274 75.2992 0.0886786 0.995605 -0.0301071 -3.25799 -0.990105 0.0848077 -0.111807 81.5176 
-0.108561 0.0401331 0.993279 76.4533 0.0875051 0.995692 -0.0306666 -3.30451 -0.990231 0.0835878 -0.111606 81.3897 
-0.108072 0.0387679 0.993387 77.6193 0.0802803 0.996316 -0.0301484 -3.34404 -0.990896 0.0764911 -0.110786 81.2607 
-0.109114 0.04036 0.99321 78.7808 0.0790373 0.996364 -0.0318051 -3.38712 -0.990882 0.0750302 -0.111908 81.1364 
-0.107957 0.0445412 0.993157 79.9421 0.0833371 0.995885 -0.0356048 -3.4302 -0.990656 0.078923 -0.111225 81.0207 
-0.107312 0.0465373 0.993136 81.1053 0.086728 0.995534 -0.0372784 -3.47434 -0.990435 0.0821323 -0.110869 80.8865 
-0.104684 0.045173 0.993479 82.278 0.0866082 0.995587 -0.0361428 -3.50607 -0.990727 0.0822599 -0.108134 80.7129 
-0.105363 0.0460305 0.993368 83.4406 0.0817052 0.995951 -0.037484 -3.57464 -0.991072 0.0772139 -0.108697 80.5823 
-0.104412 0.0448203 0.993524 84.6074 0.0802268 0.996108 -0.0365056 -3.63958 -0.991293 0.0758955 -0.107602 80.4692 
-0.103562 0.0427436 0.993704 85.7811 0.0801353 0.996187 -0.0344989 -3.69161 -0.99139 0.076058 -0.106593 80.3474 
-0.102784 0.0401435 0.993893 86.9576 0.0799007 0.99629 -0.0319774 -3.73189 -0.991489 0.076126 -0.10561 80.2084 
-0.0994478 0.0382709 0.994307 88.1467 0.0795194 0.99637 -0.030397 -3.77516 -0.99186 0.0760438 -0.10213 80.0676 
-0.0979496 0.0360593 0.994538 89.3372 0.0796844 0.996419 -0.0282796 -3.82546 -0.991996 0.0764792 -0.100472 79.9453 
-0.0976595 0.0352768 0.994594 90.5514 0.0782547 0.99655 -0.0276623 -3.8684 -0.992139 0.0751302 -0.100083 79.8351 
-0.0966344 0.0382577 0.994584 91.7708 0.078659 0.996429 -0.0306862 -3.89919 -0.992207 0.0752676 -0.0992987 79.7318 
-0.0951493 0.0370371 0.994774 92.9883 0.078785 0.996453 -0.0295639 -3.92858 -0.99234 0.0755603 -0.0977298 79.6049 
-0.0931253 0.0372104 0.994959 94.2141 0.0799151 0.996357 -0.0297829 -3.97401 -0.992442 0.0767387 -0.0957597 79.4959 
-0.0919936 0.0382254 0.995026 95.4402 0.0828729 0.99609 -0.0306044 -3.99862 -0.992305 0.0796453 -0.0948018 79.3769 
-0.0915562 0.0407438 0.994966 96.6753 0.0823733 0.996048 -0.0332082 -4.04183 -0.992387 0.0789183 -0.0945506 79.2906 
-0.0897504 0.0433725 0.995019 97.9077 0.081866 0.995992 -0.0360306 -4.08802 -0.992594 0.0782245 -0.0929414 79.1671 
-0.0891461 0.046224 0.994945 99.1421 0.0828352 0.995806 -0.038842 -4.16057 -0.992568 0.0789538 -0.0926011 79.0603 
-0.0882471 0.0510166 0.994791 100.381 0.0817681 0.995688 -0.043809 -4.23803 -0.992737 0.0774762 -0.0920382 78.9218 
-0.0894534 0.0527132 0.994595 101.632 0.0799681 0.995755 -0.0455823 -4.2797 -0.992775 0.0754584 -0.093289 78.8264 
-0.0919061 0.0562364 0.994178 102.884 0.0792263 0.995652 -0.0489957 -4.35866 -0.992611 0.0742621 -0.0959619 78.7444 
-0.0941811 0.0592566 0.99379 104.136 0.0788305 0.995537 -0.05189 -4.44139 -0.992429 0.0734539 -0.098432 78.6671 
-0.0951509 0.0587332 0.993729 105.387 0.0798057 0.995495 -0.0511961 -4.50625 -0.992259 0.0744339 -0.0994094 78.54 
-0.0975743 0.0598648 0.993426 106.638 0.0790366 0.995503 -0.052227 -4.57317 -0.992085 0.073421 -0.101867 78.4162 
-0.101272 0.0640966 0.992792 107.892 0.0745466 0.995606 -0.0566739 -4.65822 -0.992062 0.0682697 -0.105606 78.3199 
-0.105162 0.0643961 0.992368 109.134 0.0743745 0.995616 -0.0567253 -4.75124 -0.99167 0.0678415 -0.10949 78.1929 
-0.109275 0.0692429 0.991597 110.36 0.080651 0.994899 -0.0605856 -4.8434 -0.990734 0.0733527 -0.114302 78.044 
-0.116726 0.0695276 0.990727 111.599 0.0830902 0.994733 -0.0600191 -4.94017 -0.989682 0.0753139 -0.121889 77.9214 
-0.129088 0.0700569 0.989155 112.832 0.0795233 0.99502 -0.0600942 -5.02155 -0.988439 0.0709035 -0.134016 77.8374 
-0.138631 0.0679378 0.988011 114.058 0.0777149 0.995314 -0.0575355 -5.09064 -0.98729 0.068807 -0.143261 77.6302 
-0.154718 0.0712528 0.985386 115.29 0.0785088 0.995128 -0.0596304 -5.17777 -0.984834 0.0681356 -0.159558 77.5191 
-0.169032 0.0725364 0.982938 116.511 0.0777717 0.99516 -0.0600643 -5.28145 -0.982537 0.066292 -0.173855 77.3154 
-0.185942 0.0738255 0.979783 117.734 0.0757135 0.995285 -0.0606247 -5.37892 -0.979639 0.0629101 -0.190655 77.1543 
-0.200104 0.0710388 0.977196 118.931 0.0778254 0.995369 -0.0564233 -5.43814 -0.976679 0.0647601 -0.204706 76.8685 
-0.214692 0.0731947 0.973935 120.117 0.0813003 0.995066 -0.0568611 -5.52209 -0.973292 0.0669736 -0.219583 76.593 
-0.227094 0.0749769 0.970982 121.283 0.0856695 0.994705 -0.0567722 -5.60467 -0.970097 0.0702909 -0.232315 76.265 
-0.24272 0.0815169 0.966665 122.462 0.085695 0.994369 -0.062336 -5.69508 -0.966304 0.0677082 -0.248339 75.9738 
-0.257449 0.0888491 0.962198 123.646 0.0835744 0.99408 -0.0694315 -5.78817 -0.962671 0.06254 -0.263351 75.656 
-0.272787 0.0946455 0.957408 124.826 0.0824737 0.993786 -0.0747432 -5.87927 -0.958533 0.058572 -0.278898 75.3404 
-0.286203 0.0975558 0.95319 125.976 0.085025 0.993465 -0.0761484 -5.98671 -0.954389 0.0592511 -0.292627 74.9608 
-0.299835 0.0995758 0.94878 127.124 0.0880243 0.993183 -0.0764184 -6.08142 -0.949921 0.0606028 -0.306556 74.5811 
-0.313924 0.100557 0.944108 128.268 0.0893778 0.99309 -0.0760552 -6.20626 -0.945232 0.0605067 -0.320742 74.2191 
-0.329518 0.100216 0.938815 129.414 0.0887078 0.993238 -0.0748898 -6.3062 -0.939973 0.0586027 -0.33618 73.8485 
-0.342962 0.102432 0.933748 130.537 0.0873374 0.993208 -0.0768762 -6.4038 -0.93528 0.0551855 -0.349579 73.4196 
-0.35735 0.104481 0.928108 131.655 0.0870545 0.993123 -0.0782818 -6.50424 -0.929904 0.0528219 -0.363988 72.986 
-0.369874 0.10669 0.922936 132.743 0.0900422 0.992825 -0.0786834 -6.59677 -0.924708 0.0540002 -0.376827 72.5014 
-0.384748 0.107263 0.916768 133.837 0.0922423 0.992721 -0.0774378 -6.6947 -0.918401 0.0547707 -0.391842 72.0444 
-0.397827 0.107715 0.911116 134.904 0.0935563 0.99267 -0.0765066 -6.78632 -0.912678 0.0548042 -0.404988 71.508 
-0.413109 0.107882 0.904269 135.997 0.0955013 0.992616 -0.0747926 -6.87457 -0.90566 0.0554614 -0.420361 71.0298 
-0.427976 0.109846 0.89709 137.078 0.0994246 0.992284 -0.0740695 -6.99661 -0.898305 0.0574929 -0.435595 70.5197 
-0.443384 0.109436 0.889626 138.157 0.101182 0.992286 -0.0716358 -7.07592 -0.890603 0.0582519 -0.451036 69.9923 
-0.457274 0.112013 0.882244 139.226 0.100346 0.9922 -0.0739635 -7.16048 -0.883647 0.0547078 -0.464947 69.4197 
-0.474576 0.116299 0.872498 140.317 0.0996172 0.991961 -0.0780377 -7.26289 -0.874559 0.049881 -0.482346 68.8849 
-0.489925 0.119121 0.863587 141.368 0.101487 0.991678 -0.0792148 -7.35931 -0.865837 0.0488334 -0.497938 68.2636 
-0.505405 0.124412 0.853866 142.4 0.103683 0.991138 -0.0830429 -7.46499 -0.85663 0.0465609 -0.513825 67.6178 
-0.522904 0.128211 0.842694 143.473 0.104768 0.990794 -0.0857339 -7.58329 -0.845929 0.043457 -0.531522 67.0255 
-0.537876 0.131729 0.832669 144.495 0.106937 0.990399 -0.0876038 -7.70714 -0.836214 0.0419233 -0.546798 66.3435 
-0.552909 0.133793 0.82243 145.516 0.107973 0.990207 -0.0884988 -7.82969 -0.826217 0.0398683 -0.56194 65.6592 
-0.568587 0.135819 0.811334 146.54 0.10704 0.990106 -0.0907318 -7.93158 -0.815629 0.0352566 -0.577499 64.9566 
-0.584362 0.138477 0.799591 147.559 0.105783 0.989924 -0.0941307 -8.05369 -0.804569 0.0295771 -0.593122 64.2467 
-0.600465 0.140201 0.787265 148.563 0.105564 0.989792 -0.0957524 -8.16459 -0.792653 0.0256105 -0.609135 63.51 
-0.61467 0.143489 0.775623 149.538 0.107306 0.989385 -0.0979959 -8.28408 -0.781451 0.0229943 -0.623542 62.7234 
-0.629594 0.147348 0.762823 150.503 0.112346 0.988798 -0.0982723 -8.41576 -0.768758 0.0238287 -0.639096 61.9349 
-0.645623 0.15077 0.748625 151.496 0.117053 0.98827 -0.0980855 -8.52664 -0.754632 0.0243026 -0.655698 61.1695 
-0.659342 0.154222 0.735855 152.383 0.117262 0.987852 -0.101967 -8.68707 -0.742642 0.0190569 -0.669417 60.2757 
-0.677214 0.159008 0.718399 153.359 0.11526 0.987242 -0.109861 -8.90437 -0.726702 0.00840344 -0.686901 59.4839 
-0.693228 0.161341 0.702427 154.248 0.115748 0.986893 -0.112448 -9.05445 -0.711363 0.00335296 -0.702817 58.5786 
-0.709829 0.163484 0.685139 155.14 0.116949 0.986545 -0.11424 -9.21476 -0.694597 -0.000964472 -0.719398 57.6747 
-0.72676 0.168765 0.665837 156.001 0.120932 0.985643 -0.117828 -9.3618 -0.676162 -0.00511167 -0.736735 56.738 
-0.742899 0.1692 0.647666 156.845 0.120157 0.98552 -0.119638 -9.54559 -0.658531 -0.0110573 -0.752473 55.7614 
-0.759349 0.16823 0.628561 157.698 0.121721 0.985673 -0.116759 -9.69603 -0.639198 -0.0121518 -0.768947 54.7832 
-0.774634 0.165295 0.610426 158.492 0.117789 0.986058 -0.117535 -9.87507 -0.621343 -0.0191451 -0.783304 53.7606 
-0.789775 0.162815 0.591393 159.276 0.115809 0.986369 -0.116896 -10.0322 -0.602365 -0.023833 -0.797865 52.7231 
-0.804059 0.161604 0.572166 159.991 0.116897 0.986537 -0.114366 -10.178 -0.582945 -0.0250729 -0.812125 51.6437 
-0.817818 0.162976 0.551917 160.73 0.120692 0.986305 -0.112408 -10.3533 -0.562679 -0.025317 -0.826288 50.5975 
-0.831475 0.161824 0.531472 161.444 0.120184 0.986378 -0.112311 -10.5065 -0.542407 -0.0295092 -0.839597 49.5232 
-0.84315 0.161169 0.512954 162.112 0.118843 0.986284 -0.114543 -10.6518 -0.524379 -0.0356157 -0.85074 48.4239 
-0.853981 0.159438 0.495274 162.735 0.118985 0.986512 -0.112416 -10.8011 -0.506517 -0.0370708 -0.861432 47.2935 
-0.864296 0.156912 0.477881 163.379 0.1186 0.986881 -0.109543 -10.9816 -0.4888 -0.0380015 -0.871568 46.1905 
-0.872996 0.159775 0.460815 163.982 0.122566 0.986368 -0.1098 -11.1191 -0.472076 -0.0393747 -0.880678 45.0533 
-0.881214 0.162961 0.443741 164.576 0.126033 0.985716 -0.111712 -11.2667 -0.455608 -0.0425162 -0.889165 43.9101 
-0.888175 0.165273 0.428754 165.151 0.128614 0.985197 -0.11334 -11.4437 -0.44114 -0.0455224 -0.896283 42.7627 
-0.894433 0.166389 0.415095 165.69 0.130283 0.984894 -0.114061 -11.5818 -0.427804 -0.0479402 -0.902599 41.594 
-0.900456 0.16864 0.400923 166.223 0.132429 0.984311 -0.116599 -11.7429 -0.414296 -0.0518981 -0.908661 40.4269 
-0.905696 0.17082 0.38799 166.725 0.133585 0.983596 -0.121217 -11.9051 -0.402332 -0.0579565 -0.913658 39.2411 
-0.910741 0.172198 0.375365 167.239 0.134097 0.982978 -0.125584 -12.0836 -0.390602 -0.0640396 -0.91833 38.0582 
-0.914958 0.1683 0.366779 167.687 0.129848 0.983329 -0.127293 -12.2399 -0.382088 -0.0688424 -0.921558 36.8468 
-0.918811 0.164543 0.358766 168.141 0.127074 0.983883 -0.125805 -12.4413 -0.373684 -0.0700008 -0.924911 35.6532 
-0.921361 0.158081 0.355112 168.553 0.121687 0.984951 -0.122735 -12.6005 -0.36917 -0.0698705 -0.926732 34.4376 
-0.923852 0.155825 0.349595 169.01 0.121013 0.985438 -0.119446 -12.756 -0.363117 -0.0680445 -0.929256 33.242 
-0.925267 0.158284 0.344712 169.457 0.123127 0.984894 -0.121749 -12.9334 -0.358776 -0.0702068 -0.93078 32.0365 
-0.926303 0.163015 0.33969 169.917 0.126211 0.983722 -0.127914 -13.116 -0.355012 -0.0756141 -0.931799 30.8389 
-0.927182 0.168452 0.334601 170.352 0.131031 0.982605 -0.131597 -13.2924 -0.350948 -0.0781709 -0.933126 29.6309 
-0.928047 0.176648 0.327909 170.807 0.139818 0.981221 -0.13288 -13.4764 -0.345224 -0.077471 -0.935317 28.436 
-0.928905 0.18041 0.3234 171.22 0.144373 0.98063 -0.132366 -13.6745 -0.341015 -0.0762653 -0.936959 27.2324 
-0.929626 0.180816 0.321094 171.635 0.145409 0.98063 -0.131232 -13.8657 -0.338604 -0.075307 -0.937911 26.0247 
-0.930093 0.178142 0.321237 172.031 0.14289 0.981116 -0.130361 -14.0565 -0.338393 -0.0753465 -0.937983 24.8111 
-0.930586 0.175345 0.321346 172.461 0.140584 0.981688 -0.128549 -14.2522 -0.338002 -0.0744495 -0.938196 23.6094 
-0.930236 0.175096 0.322493 172.877 0.140802 0.981864 -0.126952 -14.4312 -0.338874 -0.0726877 -0.93802 22.4107 
-0.930028 0.174645 0.323338 173.294 0.140915 0.982081 -0.125136 -14.6036 -0.339399 -0.0708164 -0.937973 21.2272 
-0.929302 0.174377 0.325563 173.704 0.140399 0.982136 -0.125287 -14.7705 -0.341594 -0.0707205 -0.937183 20.0338 
-0.928481 0.17458 0.327789 174.119 0.140598 0.982164 -0.124845 -14.9368 -0.343738 -0.0698299 -0.936466 18.8513 
-0.926572 0.177013 0.33186 174.536 0.142786 0.981824 -0.125035 -15.1036 -0.347961 -0.0684688 -0.935006 17.6636 
-0.924624 0.178171 0.336637 174.959 0.142777 0.98153 -0.127332 -15.2759 -0.353107 -0.0696698 -0.932985 16.4752 
-0.922297 0.179756 0.342134 175.399 0.142709 0.98109 -0.130757 -15.4561 -0.359169 -0.0717712 -0.930509 15.2898 
-0.919651 0.181579 0.348241 175.857 0.142736 0.980599 -0.134358 -15.6502 -0.365881 -0.073856 -0.927726 14.1178 
-0.91742 0.1817 0.354014 176.327 0.142308 0.980638 -0.13453 -15.8654 -0.371603 -0.0730414 -0.925514 12.96 
-0.914274 0.180754 0.362535 176.784 0.140482 0.980869 -0.134765 -16.0604 -0.379959 -0.0722821 -0.922175 11.7928 
-0.911171 0.179084 0.371075 177.254 0.138247 0.981276 -0.13411 -16.2808 -0.388144 -0.0708971 -0.918868 10.6425 
-0.906655 0.177602 0.382667 177.734 0.136634 0.981796 -0.131939 -16.4327 -0.399134 -0.0673374 -0.914417 9.47301 
-0.901313 0.176521 0.39557 178.21 0.135135 0.982209 -0.130397 -16.6186 -0.411551 -0.0640734 -0.909132 8.30433 
-0.895133 0.17786 0.408783 178.727 0.136383 0.982257 -0.128731 -16.8126 -0.424426 -0.0594799 -0.903507 7.15622 
-0.889977 0.179183 0.419326 179.278 0.13708 0.982157 -0.128751 -17.0184 -0.434914 -0.0571042 -0.89866 6.0201 
-0.88435 0.176387 0.432219 179.858 0.132365 0.982616 -0.130173 -17.1899 -0.447666 -0.0579076 -0.892324 4.89191 
-0.878353 0.176218 0.444345 180.441 0.132198 0.982864 -0.128463 -17.3683 -0.459368 -0.0540947 -0.886597 3.76013 
-0.872247 0.172681 0.457566 181.043 0.128049 0.98359 -0.127102 -17.5243 -0.472005 -0.0522731 -0.880045 2.64362 
-0.86497 0.171391 0.471648 181.631 0.12509 0.98384 -0.128108 -17.7131 -0.485983 -0.0518112 -0.872431 1.52642 
-0.858728 0.169603 0.483551 182.27 0.122161 0.984188 -0.128257 -17.8811 -0.497658 -0.0510667 -0.865869 0.438288 
-0.850836 0.165582 0.498659 182.889 0.117263 0.98495 -0.126976 -18.0469 -0.512179 -0.0495614 -0.857448 -0.648009 
-0.841941 0.162184 0.514619 183.525 0.112968 0.985603 -0.125795 -18.2255 -0.527612 -0.0477763 -0.848141 -1.71777 
-0.831327 0.158477 0.53271 184.175 0.108311 0.986304 -0.124391 -18.3895 -0.545127 -0.0457115 -0.837106 -2.77019 
-0.8215 0.151841 0.54962 184.884 0.10139 0.98743 -0.121249 -18.5336 -0.561122 -0.0438798 -0.826569 -3.78195 
-0.810006 0.151807 0.566432 185.561 0.100222 0.987538 -0.121346 -18.7173 -0.577794 -0.0415217 -0.815126 -4.80094 
-0.798855 0.14808 0.583012 186.292 0.0966345 0.98823 -0.118592 -18.8536 -0.593711 -0.0383986 -0.803761 -5.79203 
-0.786574 0.145491 0.600112 187.022 0.0929871 0.988672 -0.117815 -19.0283 -0.610455 -0.0368676 -0.791193 -6.77486 
-0.77324 0.142809 0.617823 187.781 0.0887559 0.989093 -0.117545 -19.1772 -0.627871 -0.0360553 -0.777482 -7.73602 
-0.757829 0.139215 0.637427 188.545 0.0839175 0.989654 -0.116374 -19.3296 -0.647033 -0.0347001 -0.761672 -8.68786 
-0.741998 0.135215 0.656625 189.344 0.0795824 0.990289 -0.113995 -19.4971 -0.665662 -0.0323285 -0.745553 -9.59275 
-0.726143 0.133788 0.674401 190.173 0.0787394 0.990613 -0.111738 -19.6581 -0.68302 -0.0280361 -0.729861 -10.4458 
-0.707558 0.133857 0.693862 190.991 0.078246 0.990698 -0.111331 -19.8124 -0.70231 -0.0244814 -0.71145 -11.3116 
-0.689002 0.133844 0.712293 191.852 0.0775482 0.990772 -0.11116 -19.9538 -0.720598 -0.0213524 -0.693024 -12.1303 
-0.668924 0.133648 0.731217 192.72 0.0760207 0.990846 -0.111558 -20.1122 -0.739433 -0.019036 -0.672961 -12.9407 
-0.647031 0.134589 0.750491 193.606 0.0777284 0.990813 -0.110674 -20.246 -0.758491 -0.0132749 -0.651548 -13.7223 
-0.625607 0.135395 0.768299 194.508 0.0778284 0.990743 -0.111222 -20.3969 -0.776246 -0.00978606 -0.630354 -14.4766 
-0.603854 0.134595 0.785649 195.424 0.0766772 0.990878 -0.11082 -20.5404 -0.793398 -0.00667762 -0.608666 -15.2073 
-0.580631 0.131511 0.803475 196.35 0.072919 0.991302 -0.109559 -20.6915 -0.810895 -0.00502469 -0.58517 -15.922 
-0.556476 0.129764 0.820668 197.299 0.0726239 0.991545 -0.107538 -20.8233 -0.827684 -0.0002422 -0.561195 -16.5763 
-0.530041 0.126526 0.838479 198.262 0.071995 0.99195 -0.104173 -20.9594 -0.84491 0.00515038 -0.534883 -17.2278 
-0.50114 0.124529 0.856359 199.237 0.070818 0.992174 -0.102836 -21.0868 -0.862463 0.00911045 -0.506037 -17.8635 
-0.473393 0.123499 0.872151 200.264 0.0690891 0.992278 -0.103009 -21.2171 -0.878137 0.0114925 -0.47827 -18.4254 
-0.44446 0.123522 0.887241 201.3 0.0679503 0.992243 -0.104101 -21.3351 -0.893218 0.0140196 -0.449406 -18.9738 
-0.416799 0.120595 0.900964 202.354 0.0672159 0.992536 -0.101757 -21.4677 -0.90651 0.0181468 -0.421794 -19.4505 
-0.384862 0.116475 0.915595 203.411 0.0671982 0.992909 -0.098064 -21.5951 -0.920525 0.0237852 -0.38996 -19.9322 
-0.352953 0.114425 0.928618 204.504 0.0696357 0.992954 -0.0958851 -21.7131 -0.933046 0.030822 -0.358434 -20.3339 
-0.299492 0.108367 0.947925 205.188 0.064351 0.993561 -0.0932527 -21.8323 -0.951926 0.0330715 -0.304537 -21.2634 
-0.268279 0.103702 0.957743 206.315 0.0614048 0.994008 -0.0904283 -21.9569 -0.961382 0.03455 -0.273039 -21.5604 
-0.233571 0.100108 0.967173 207.446 0.0605955 0.994251 -0.0882766 -22.0517 -0.97045 0.0379875 -0.238294 -21.8515 
-0.19789 0.0978295 0.97533 208.598 0.0590899 0.994388 -0.087752 -22.1499 -0.978442 0.0402668 -0.20256 -22.1102 
-0.163779 0.092437 0.982157 209.752 0.0557124 0.994878 -0.084344 -22.2732 -0.984923 0.0409045 -0.16809 -22.3117 
-0.129747 0.0884615 0.987593 210.889 0.053755 0.995175 -0.0820784 -22.3943 -0.990089 0.0424386 -0.133877 -22.4567 
-0.0936351 0.0840445 0.992053 212.041 0.0520527 0.995481 -0.0794219 -22.5065 -0.994245 0.0442024 -0.0975867 -22.5876 
-0.0606154 0.0789503 0.995034 213.196 0.0497814 0.995866 -0.0759837 -22.6267 -0.996919 0.0449284 -0.0642951 -22.643 
-0.0256756 0.0777045 0.996646 214.339 0.050823 0.995787 -0.0763282 -22.7167 -0.998378 0.0486927 -0.0295166 -22.6783 
0.0111898 0.069933 0.997489 215.501 0.0474345 0.996391 -0.0703882 -22.8449 -0.998812 0.048103 0.00783222 -22.7106 
0.0460937 0.0674045 0.99666 216.659 0.0463637 0.996501 -0.069538 -22.9393 -0.997861 0.0494142 0.0428074 -22.691 
0.0809559 0.0657548 0.994546 217.818 0.0474648 0.996435 -0.0697433 -23.0211 -0.995587 0.0528521 0.0775463 -22.6292 
0.11219 0.0602092 0.991861 218.965 0.0474971 0.996697 -0.0658752 -23.101 -0.992551 0.054501 0.10896 -22.4784 
0.14274 0.0596998 0.987958 220.105 0.0481189 0.99658 -0.067173 -23.1418 -0.98859 0.0571277 0.139379 -22.2966 
0.173065 0.0537512 0.983443 221.253 0.0455386 0.997005 -0.0625063 -23.2466 -0.983857 0.0556022 0.170099 -22.1021 
0.202278 0.0513347 0.977982 222.397 0.0464097 0.997001 -0.061932 -23.3264 -0.978228 0.0579153 0.199289 -21.8764 
0.233421 0.0472092 0.971229 223.541 0.0478789 0.997051 -0.0599714 -23.3929 -0.971196 0.0604999 0.230472 -21.6307 
0.262804 0.0400524 0.964017 224.681 0.0485798 0.997321 -0.0546796 -23.4789 -0.963625 0.0612018 0.260155 -21.3312 
0.292379 0.0360868 0.955622 225.815 0.0492559 0.997393 -0.0527344 -23.5442 -0.955033 0.0624884 0.289839 -21.0049 
0.319731 0.0303852 0.947021 226.922 0.0494914 0.997586 -0.0487167 -23.6267 -0.946215 0.0624457 0.317455 -20.5852 
0.34877 0.0238142 0.936906 228.043 0.0514373 0.997684 -0.044507 -23.6996 -0.935796 0.0637147 0.346738 -20.1941 
0.376758 0.0193955 0.926109 229.139 0.0527405 0.99771 -0.0423509 -23.7465 -0.924809 0.0647995 0.374872 -19.7538 
0.405971 0.0156861 0.913751 230.243 0.0530908 0.997759 -0.040716 -23.7939 -0.912342 0.0650413 0.404229 -19.2967 
0.433638 0.0107943 0.901023 231.328 0.0539091 0.997826 -0.037899 -23.8487 -0.899473 0.0650078 0.432113 -18.7865 
0.462127 0.00629903 0.886792 232.39 0.057045 0.997693 -0.0368142 -23.9012 -0.884977 0.0675998 0.460701 -18.2624 
0.487762 0.0014989 0.872976 233.424 0.0607318 0.997517 -0.0356457 -23.9548 -0.870862 0.070404 0.48646 -17.6558 
0.514026 -0.00351216 0.857767 234.45 0.0619654 0.997531 -0.033049 -24.009 -0.855533 0.0701399 0.512975 -17.0508 
0.542194 -0.00930508 0.840202 235.511 0.061955 0.99766 -0.0289316 -24.0718 -0.837966 0.0677412 0.541502 -16.4586 
0.566958 -0.0129143 0.823645 236.524 0.0609106 0.997797 -0.026283 -24.1315 -0.821491 0.0650701 0.566496 -15.7827 
0.589826 -0.0142375 0.807405 237.512 0.060846 0.997786 -0.0268547 -24.1808 -0.805235 0.064967 0.589386 -15.0851 
0.611085 -0.0167493 0.791388 238.495 0.0612481 0.997779 -0.0261765 -24.2205 -0.789192 0.0644671 0.610754 -14.3615 
0.630335 -0.0193141 0.776083 239.448 0.0607076 0.997856 -0.0244736 -24.2689 -0.773946 0.0625407 0.630156 -13.5929 
0.648018 -0.0214277 0.761324 240.389 0.0598261 0.997948 -0.0228347 -24.2826 -0.759272 0.0603443 0.64797 -12.8145 
0.664256 -0.0258267 0.747059 241.317 0.0603736 0.997992 -0.0191802 -24.3053 -0.745063 0.0578432 0.664481 -12.009 
0.67938 -0.029547 0.733192 242.21 0.0606786 0.998029 -0.0160054 -24.3421 -0.731274 0.0553628 0.679833 -11.1651 
0.694567 -0.0338193 0.718633 243.111 0.062727 0.997937 -0.0136629 -24.3571 -0.716689 0.0545675 0.695255 -10.3215 
0.711192 -0.0360791 0.702072 244.026 0.0652051 0.997762 -0.0147775 -24.3381 -0.699968 0.0562883 0.711953 -9.48794 
0.724054 -0.0389327 0.688644 244.846 0.0667704 0.997673 -0.0137999 -24.3546 -0.686504 0.0559729 0.724968 -8.56245 
0.736432 -0.0414451 0.675241 245.667 0.064858 0.997849 -0.00948918 -24.4129 -0.673396 0.0507829 0.737536 -7.62213 
0.749821 -0.0445877 0.660137 246.478 0.0646589 0.997889 -0.00604266 -24.4409 -0.658474 0.0472147 0.751121 -6.6742 
0.762542 -0.0465235 0.645263 247.273 0.0644706 0.997911 -0.00423893 -24.4682 -0.643718 0.0448329 0.763948 -5.71354 
0.775015 -0.0490663 0.630036 248.044 0.0667687 0.997759 -0.00442893 -24.4828 -0.628406 0.0454991 0.776554 -4.73133 
0.786547 -0.0507911 0.615439 248.808 0.067778 0.997691 -0.00428423 -24.4907 -0.6138 0.0450829 0.788173 -3.73618 
0.798389 -0.0512728 0.599955 249.587 0.0677798 0.997688 -0.00493448 -24.4828 -0.598315 0.0446045 0.800019 -2.74331 
0.809063 -0.0528325 0.585343 250.346 0.0669353 0.997754 -0.00246172 -24.5061 -0.583899 0.0411718 0.810782 -1.7314 
0.820829 -0.0520106 0.568801 251.129 0.0648994 0.997889 -0.00240947 -24.5456 -0.567475 0.0388926 0.822472 -0.730529 
0.829446 -0.0539172 0.555979 251.796 0.0658381 0.997829 -0.00145509 -24.5685 -0.554694 0.0378115 0.831195 0.354452 
0.83734 -0.0579652 0.543601 252.487 0.0700922 0.997539 -0.00159752 -24.5793 -0.54217 0.0394398 0.839342 1.4344 
0.845424 -0.0601898 0.530693 253.184 0.0708266 0.997489 0.000301833 -24.5882 -0.529379 0.037332 0.847564 2.51471 
0.852581 -0.0642417 0.518631 253.866 0.073404 0.997298 0.00286366 -24.587 -0.517414 0.0356281 0.854993 3.61477 
0.860461 -0.0665379 0.505153 254.59 0.0752579 0.997159 0.00315236 -24.5688 -0.503928 0.0353043 0.863024 4.6981 
0.865176 -0.0652524 0.497204 255.236 0.0735518 0.997287 0.00289637 -24.588 -0.496045 0.0340644 0.867629 5.82331 
0.868558 -0.0681587 0.490877 255.84 0.0747914 0.99718 0.00612324 -24.5822 -0.489911 0.031395 0.871207 6.98727 
0.87081 -0.0702366 0.486577 256.446 0.0754662 0.997109 0.00887188 -24.5855 -0.485793 0.0289944 0.873593 8.15339 
0.872963 -0.070288 0.482697 257.08 0.0754386 0.997112 0.00876297 -24.5701 -0.481919 0.0287642 0.875744 9.30803 
0.875443 -0.070564 0.478143 257.743 0.0751138 0.997128 0.00962809 -24.5796 -0.477449 0.0274863 0.878229 10.4513 
0.877959 -0.0725682 0.473204 258.399 0.0756061 0.997058 0.012628 -24.5771 -0.472728 0.0246902 0.880863 11.6038 
0.879352 -0.0756686 0.470122 259.016 0.0777778 0.996858 0.014968 -24.5721 -0.469778 0.023403 0.882474 12.7843 
0.881271 -0.0762509 0.46642 259.638 0.0781855 0.996822 0.0152352 -24.5858 -0.4661 0.0230409 0.884432 13.9609 
0.883048 -0.0787868 0.462622 260.233 0.0800596 0.996647 0.0169168 -24.568 -0.462403 0.0220989 0.886394 15.1562 
0.88444 -0.0765763 0.460329 260.827 0.0778642 0.996832 0.0162221 -24.5733 -0.460113 0.0214957 0.8876 16.3561 
0.8863 -0.0775431 0.456573 261.448 0.0784583 0.996773 0.0169857 -24.5586 -0.456417 0.0207675 0.889524 17.5433 
0.888163 -0.0763239 0.453146 262.036 0.0771638 0.996879 0.0166651 -24.5606 -0.453004 0.0201652 0.891281 18.7488 
0.889136 -0.0760444 0.45128 262.611 0.0767957 0.996907 0.0166802 -24.5492 -0.451153 0.0198254 0.892226 19.9577 
0.889936 -0.0757299 0.449753 263.191 0.0760708 0.996952 0.0173447 -24.5522 -0.449696 0.0187774 0.892984 21.1683 
0.89036 -0.0745433 0.449112 263.788 0.0748633 0.997048 0.0170733 -24.5579 -0.449059 0.0184206 0.893312 22.3654 
0.890918 -0.0747889 0.447964 264.366 0.0751734 0.997026 0.0169503 -24.5482 -0.4479 0.0185737 0.893891 23.5676 
0.891681 -0.0732405 0.4467 264.967 0.0744068 0.997116 0.0149588 -24.5481 -0.446508 0.019899 0.894559 24.7649 
0.892156 -0.0734796 0.445711 265.558 0.0753668 0.997064 0.0135175 -24.5219 -0.445396 0.0215321 0.895075 25.9611 
0.892138 -0.0720034 0.445987 266.152 0.0743037 0.997159 0.012354 -24.5172 -0.44561 0.022117 0.894954 27.158 
