1 0 0 0 0 1 0 0 0 0 1 0 
0.999997 -0.00202579 -0.00141003 -0.00512353 0.00202491 0.999998 -0.000620156 -0.0151282 0.00141128 0.000617299 0.999999 0.565221 
0.999989 -0.00302363 -0.00372173 0.012248 0.00301409 0.999992 -0.00256465 -0.00641959 0.00372946 0.00255341 0.99999 1.12729 
0.999978 -0.00365354 -0.00555585 -0.00773317 0.00363144 0.999985 -0.00398283 -0.0159669 0.00557032 0.00396256 0.999977 1.68886 
0.999955 -0.00591607 -0.00738402 -0.0156418 0.00587365 0.999966 -0.00575408 -0.0248385 0.00741781 0.00571045 0.999956 2.25114 
0.999929 -0.00780673 -0.00895128 -0.00645093 0.00773747 0.99994 -0.00774593 -0.039302 0.00901122 0.00767612 0.99993 2.81588 
0.999907 -0.00874548 -0.0104717 -0.0177475 0.00865608 0.999926 -0.00855275 -0.0517487 0.0105457 0.00846131 0.999909 3.39015 
0.999882 -0.00968966 -0.0118876 -0.0412414 0.00959556 0.999922 -0.00794702 -0.064861 0.0119637 0.00783202 0.999898 3.96917 
0.999857 -0.0107412 -0.0130338 -0.0506086 0.0106332 0.999909 -0.00832922 -0.0757595 0.0131221 0.00818944 0.99988 4.55642 
0.999837 -0.00885056 -0.0157177 -0.0169409 0.00866564 0.999893 -0.0117947 -0.0751381 0.0158205 0.0116566 0.999807 5.15033 
0.999833 -0.00630412 -0.0171654 -0.0105389 0.00603682 0.99986 -0.0155795 -0.100038 0.0172612 0.0154733 0.999731 5.7513 
0.99985 -0.00484098 -0.0166516 -0.0719402 0.004524 0.999809 -0.0190217 -0.123793 0.0167405 0.0189435 0.99968 6.36096 
0.999844 -0.00280613 -0.0174388 -0.108606 0.00247642 0.999818 -0.0188998 -0.142518 0.0174886 0.0188536 0.999669 6.98586 
0.999809 -0.00154554 -0.019492 -0.177588 0.00130906 0.999925 -0.0121391 -0.159149 0.0195093 0.0121113 0.999736 7.63051 
0.999788 -0.00132537 -0.0205263 -0.17617 0.00129052 0.999998 -0.00171107 -0.164993 0.0205285 0.00168422 0.999788 8.29553 
0.999761 -0.000348478 -0.0218816 -0.177333 0.000465043 0.999986 0.00532222 -0.184791 0.0218794 -0.00533113 0.999746 8.97209 
0.999731 0.00207666 -0.0231141 -0.210631 -0.00196646 0.999987 0.00478944 -0.209319 0.0231238 -0.0047427 0.999721 9.65502 
0.999695 0.00481139 -0.0242355 -0.209422 -0.00487385 0.999985 -0.00251852 -0.217569 0.024223 0.00263587 0.999703 10.3473 
0.999635 0.00426222 -0.026662 -0.22706 -0.00449871 0.999951 -0.00881624 -0.221271 0.0266232 0.00893297 0.999606 11.0579 
0.99961 0.00155354 -0.0278997 -0.241692 -0.00175252 0.999973 -0.00710885 -0.22749 0.0278879 0.00715497 0.999585 11.7921 
0.999659 0.00141898 -0.0260555 -0.311133 -0.00136566 0.999997 0.00206431 -0.246346 0.0260584 -0.00202802 0.999658 12.5491 
0.999642 0.000977739 -0.0267319 -0.322459 -0.00071647 0.999952 0.0097815 -0.261444 0.0267402 -0.00975885 0.999595 13.3255 
0.999633 0.00133946 -0.0270542 -0.361454 -0.00100598 0.999923 0.0123365 -0.276375 0.0270687 -0.0123047 0.999558 14.1134 
0.999632 -0.000802404 -0.0271313 -0.396462 0.00110649 0.999937 0.0111949 -0.276761 0.0271206 -0.0112208 0.999569 14.9164 
0.999654 8.3246e-05 -0.0262904 -0.408314 0.000182515 0.999949 0.0101061 -0.311475 0.0262899 -0.0101074 0.999603 15.737 
0.99962 0.00272577 -0.0274375 -0.395365 -0.00255742 0.999978 0.00616882 -0.300401 0.0274537 -0.00609631 0.999604 16.5699 
0.999616 -0.00186611 -0.027635 -0.431914 0.00189776 0.999998 0.00111941 -0.317978 0.0276329 -0.00117142 0.999617 17.4153 
0.999629 -0.00499362 -0.0267648 -0.454566 0.00484562 0.999973 -0.00559154 -0.318104 0.026792 0.00545977 0.999626 18.2751 
0.999691 -0.0034371 -0.0246152 -0.512346 0.00316477 0.999933 -0.0110943 -0.327913 0.0246517 0.011013 0.999635 19.1549 
0.999737 -0.00128694 -0.0229061 -0.559719 0.00102272 0.999933 -0.0115427 -0.351343 0.0229194 0.0115162 0.999671 20.0546 
0.999713 -0.000215998 -0.0239375 -0.580977 -5.05536e-05 0.999938 -0.0111341 -0.376239 0.0239384 0.0111322 0.999651 20.9744 
0.999741 0.0021548 -0.0226553 -0.639913 -0.00244511 0.999915 -0.0127945 -0.400048 0.0226258 0.0128466 0.999661 21.907 
0.999735 0.0049017 -0.0224776 -0.669668 -0.00523366 0.999878 -0.0147332 -0.422235 0.0224026 0.014847 0.999639 22.8597 
0.999733 0.00869284 -0.021428 -0.723368 -0.009031 0.999835 -0.0157353 -0.447434 0.0212877 0.0159246 0.999647 23.8299 
0.999719 0.0104599 -0.0212587 -0.747799 -0.0107913 0.999821 -0.0155374 -0.482203 0.0210924 0.0157624 0.999653 24.8053 
0.99971 0.0107636 -0.0215211 -0.793602 -0.0110999 0.999817 -0.0155709 -0.511363 0.0213496 0.0158053 0.999647 25.787 
0.999704 0.0109155 -0.0217335 -0.814397 -0.011259 0.999813 -0.015748 -0.528575 0.0215575 0.015988 0.99964 26.7746 
0.999669 0.012545 -0.0224792 -0.835059 -0.0128857 0.999803 -0.0150748 -0.545433 0.0222857 0.0153594 0.999634 27.776 
0.999641 0.0128582 -0.0235007 -0.864936 -0.0131629 0.999831 -0.0128558 -0.579706 0.0233315 0.0131605 0.999641 28.7829 
0.999615 0.0131137 -0.0244552 -0.873908 -0.0134087 0.999839 -0.0119386 -0.598677 0.0242947 0.0122619 0.99963 29.7975 
0.999572 0.0122779 -0.0265524 -0.895287 -0.0126292 0.999834 -0.0131018 -0.628819 0.0263872 0.0134315 0.999562 30.8184 
0.999549 0.0134857 -0.0268263 -0.921959 -0.0138615 0.999808 -0.0138724 -0.662369 0.0266341 0.014238 0.999544 31.8467 
0.999542 0.0126542 -0.0274823 -0.958042 -0.0130179 0.999829 -0.0130966 -0.686832 0.0273119 0.0134483 0.999536 32.8823 
0.999555 0.0119696 -0.0273085 -1.01683 -0.0122651 0.999868 -0.0106796 -0.705027 0.027177 0.0110098 0.99957 33.9282 
0.999549 0.0119583 -0.0275479 -1.04689 -0.0121637 0.999899 -0.00730167 -0.727845 0.0274578 0.00763347 0.999594 34.9831 
0.999621 0.0132245 -0.0241552 -1.12489 -0.0133372 0.999901 -0.00451411 -0.750053 0.0240931 0.00483456 0.999698 36.0435 
0.999618 0.012586 -0.0246025 -1.16036 -0.0126927 0.999911 -0.00418343 -0.767637 0.0245477 0.0044941 0.999689 37.1061 
0.99962 0.0124574 -0.0245827 -1.20246 -0.0126006 0.999904 -0.00567929 -0.785288 0.0245096 0.00598689 0.999682 38.1771 
0.999611 0.0113253 -0.0255033 -1.19576 -0.0115251 0.999904 -0.00770297 -0.785137 0.0254136 0.0079939 0.999645 39.2528 
0.999593 0.0111429 -0.0262791 -1.22539 -0.0113208 0.999914 -0.00662765 -0.806756 0.0262029 0.00692245 0.999633 40.3293 
0.999569 0.011122 -0.0271836 -1.28013 -0.0112403 0.999928 -0.00419992 -0.833015 0.027135 0.00450366 0.999622 41.4057 
0.99956 0.0108683 -0.0275922 -1.31878 -0.0109222 0.999939 -0.00180316 -0.853401 0.0275709 0.00210373 0.999618 42.481 
0.999539 0.0112885 -0.0281834 -1.36084 -0.0113357 0.999935 -0.00151221 -0.887003 0.0281644 0.00183099 0.999602 43.5544 
0.999506 0.0131959 -0.0285105 -1.4113 -0.0133499 0.999897 -0.0052174 -0.913632 0.0284387 0.00559544 0.99958 44.6186 
0.999478 0.0149202 -0.0286382 -1.44682 -0.0151942 0.999841 -0.00937535 -0.931636 0.0284937 0.00980559 0.999546 45.6806 
0.99956 0.0137758 -0.0262819 -1.51011 -0.0139968 0.999868 -0.00824563 -0.973719 0.0261649 0.00860986 0.999621 46.7513 
0.99955 0.0136491 -0.0267015 -1.52831 -0.0138059 0.999888 -0.00569481 -0.99846 0.0266208 0.00606089 0.999627 47.83 
0.999533 0.0144999 -0.0268868 -1.5372 -0.0146043 0.999887 -0.00368942 -1.02207 0.0268303 0.00408036 0.999632 48.9069 
0.999556 0.0127884 -0.0269178 -1.58182 -0.0128625 0.999914 -0.00257908 -1.04197 0.0268825 0.00292416 0.999634 49.9824 
0.999572 0.0130213 -0.0261998 -1.62032 -0.0131173 0.999908 -0.00349398 -1.06619 0.0261519 0.00383615 0.999651 51.0607 
0.999577 0.0105925 -0.0270907 -1.6417 -0.0107426 0.999928 -0.00540202 -1.08386 0.0270316 0.00569076 0.999618 52.1312 
0.999609 0.0112207 -0.0256258 -1.68852 -0.0114215 0.999905 -0.00770249 -1.10517 0.0255369 0.00799216 0.999642 53.2037 
0.999619 0.00951383 -0.025924 -1.71802 -0.00977718 0.999902 -0.0100508 -1.1283 0.0258258 0.0103004 0.999613 54.2776 
0.999638 0.0077115 -0.0257727 -1.76279 -0.00805952 0.999877 -0.0134269 -1.15138 0.025666 0.0136298 0.999578 55.3433 
0.99967 0.00614562 -0.024933 -1.81262 -0.0065291 0.999861 -0.0153284 -1.17978 0.0248353 0.0154862 0.999572 56.414 
0.999681 0.00402722 -0.0249235 -1.83272 -0.00436379 0.9999 -0.0134645 -1.20086 0.0248667 0.013569 0.999599 57.4853 
0.999693 0.00335332 -0.0245672 -1.87186 -0.00353099 0.999968 -0.00719214 -1.23834 0.0245423 0.00727668 0.999672 58.5708 
0.999678 0.00267364 -0.0252519 -1.87705 -0.00271058 0.999995 -0.00142878 -1.26681 0.025248 0.00149677 0.99968 59.6563 
0.999669 0.0021948 -0.0256442 -1.91126 -0.00219667 0.999998 -4.49717e-05 -1.29883 0.025644 0.000101289 0.999671 60.7386 
0.999666 -0.00118272 -0.0258177 -1.93837 0.00110078 0.999994 -0.00318787 -1.31501 0.0258213 0.00315839 0.999662 61.8174 
0.999662 -0.0020001 -0.0259263 -1.96794 0.0018333 0.999977 -0.00645595 -1.33838 0.0259386 0.00640624 0.999643 62.8948 
0.99967 -0.000206159 -0.0256778 -1.98454 -5.25002e-05 0.999949 -0.0100722 -1.37943 0.0256786 0.0100702 0.99962 63.9733 
0.999685 -0.00011635 -0.0250974 -2.00218 -0.000251026 0.999893 -0.0146344 -1.39626 0.0250964 0.0146361 0.999578 65.0549 
0.999695 0.00360274 -0.0244513 -2.01287 -0.00397379 0.999877 -0.0151434 -1.42835 0.0243937 0.015236 0.999586 66.1394 
0.999719 0.00702083 -0.0226237 -2.10486 -0.00728329 0.999907 -0.0115394 -1.45792 0.0225405 0.0117009 0.999677 67.2276 
0.999738 0.00741722 -0.0216419 -2.20467 -0.00763225 0.999922 -0.00987017 -1.47858 0.021567 0.0100328 0.999717 68.3118 
0.999746 0.00683914 -0.0214909 -2.23649 -0.00703873 0.999933 -0.00922533 -1.50642 0.0214264 0.00937425 0.999726 69.3967 
0.999753 0.00567929 -0.0214864 -2.25765 -0.00585881 0.999948 -0.0083012 -1.53901 0.0214381 0.00842503 0.999735 70.4839 
0.999741 0.00498991 -0.0222177 -2.25955 -0.00514679 0.999962 -0.00700941 -1.56793 0.0221819 0.00712194 0.999729 71.5676 
0.999783 0.00436891 -0.0203626 -2.33105 -0.00445395 0.999982 -0.00413298 -1.61008 0.0203442 0.00422277 0.999784 72.6486 
0.999756 0.00244822 -0.0219366 -2.35052 -0.00250751 0.999993 -0.00267588 -1.62571 0.0219299 0.00273023 0.999756 73.7284 
0.999763 0.00208548 -0.0216893 -2.3838 -0.00216736 0.999991 -0.00375215 -1.65376 0.0216813 0.00379827 0.999758 74.8023 
0.999748 0.0014308 -0.022418 -2.4202 -0.00160028 0.99997 -0.00754369 -1.67801 0.0224065 0.00757766 0.99972 75.871 
0.999731 0.00141825 -0.023171 -2.45552 -0.00164443 0.999951 -0.00974534 -1.69721 0.023156 0.00978082 0.999684 76.9395 
0.999716 0.00275213 -0.0236862 -2.49989 -0.00293634 0.999966 -0.00774606 -1.73336 0.0236641 0.0078134 0.999689 78.0037 
0.999697 0.00338811 -0.0243622 -2.52789 -0.00347221 0.999988 -0.00341075 -1.76021 0.0243504 0.00349431 0.999697 79.0745 
0.999652 0.00475555 -0.0259601 -2.51977 -0.00474202 0.999989 0.000582494 -1.78342 0.0259626 -0.000459187 0.999663 80.1407 
0.99963 0.0052985 -0.0266625 -2.55785 -0.00526538 0.999985 0.00131202 -1.81127 0.0266691 -0.00117115 0.999644 81.2011 
0.999579 0.00480811 -0.0286143 -2.54544 -0.00481623 0.999988 -0.000215012 -1.8464 0.0286129 0.000352734 0.999591 82.2559 
0.9996 0.00558774 -0.0277072 -2.61231 -0.00561885 0.999984 -0.00104506 -1.86079 0.0277009 0.00120032 0.999616 83.3015 
0.9996 0.00436519 -0.0279441 -2.66996 -0.00439919 0.99999 -0.00115537 -1.88712 0.0279387 0.00127784 0.999609 84.3392 
0.999587 0.00301528 -0.0285715 -2.70592 -0.0030449 0.999995 -0.000993434 -1.90404 0.0285684 0.00108002 0.999591 85.364 
0.999577 0.00190625 -0.0290182 -2.73724 -0.00189815 0.999998 0.000306838 -1.92142 0.0290187 -0.000251627 0.999579 86.3749 
0.999591 0.00151723 -0.0285415 -2.76564 -0.00140235 0.999991 0.00404456 -1.96701 0.0285474 -0.00400288 0.999584 87.3679 
0.999555 -1.13027e-05 -0.0298344 -2.79961 0.000155504 0.999988 0.00483109 -1.98354 0.029834 -0.00483357 0.999543 88.34 
0.999453 -0.00105396 -0.0330629 -2.82641 0.0012167 0.999987 0.00490239 -2.00064 0.0330573 -0.00493993 0.999441 89.2933 
0.999314 -0.00337773 -0.0368674 -2.87117 0.00356624 0.999981 0.00504881 -2.03983 0.0368496 -0.00517683 0.999307 90.2228 
0.999257 -0.00360958 -0.038374 -2.972 0.00375536 0.999986 0.00372751 -2.04768 0.03836 -0.00386884 0.999256 91.1237 
0.999064 -0.00345452 -0.0431282 -2.98218 0.00368705 0.999979 0.00531324 -2.08766 0.0431089 -0.00546728 0.999055 92.0086 
0.998933 -0.00376713 -0.0460219 -3.06118 0.00409922 0.999966 0.0071236 -2.12027 0.0459935 -0.00730466 0.998915 92.8669 
0.998794 -0.00334889 -0.048984 -3.12374 0.00376776 0.999957 0.0084613 -2.14435 0.0489536 -0.00863566 0.998764 93.7043 
0.998636 -0.00498139 -0.0519741 -3.19489 0.00552151 0.999932 0.0102538 -2.17272 0.0519195 -0.0105268 0.998596 94.5161 
0.998488 -0.00347672 -0.0548533 -3.23828 0.00407677 0.999933 0.010831 -2.17898 0.054812 -0.0110382 0.998436 95.302 
0.998485 -0.00154836 -0.0550078 -3.33391 0.00223534 0.99992 0.0124294 -2.21329 0.0549841 -0.0125336 0.998409 96.0564 
0.998355 -2.69813e-05 -0.0573316 -3.40251 0.000679734 0.999935 0.0113661 -2.23081 0.0573276 -0.0113864 0.99829 96.7816 
0.998216 0.00187783 -0.0596762 -3.45814 -0.0014027 0.999967 0.00800261 -2.24594 0.0596892 -0.00790462 0.998186 97.4786 
0.998067 0.00459561 -0.0619825 -3.50828 -0.00435254 0.999982 0.00405601 -2.25307 0.0620001 -0.00377839 0.998069 98.1432 
0.997947 0.00638511 -0.063723 -3.56296 -0.00629315 0.999979 0.00164383 -2.2652 0.0637321 -0.00123944 0.997966 98.7795 
0.997693 0.00790917 -0.0674311 -3.53149 -0.00788141 0.999969 0.000677625 -2.26887 0.0674343 -0.000144609 0.997724 99.386 
0.997767 0.0100305 -0.0660332 -3.58868 -0.00997491 0.99995 0.00117112 -2.28025 0.0660416 -0.000509829 0.997817 99.9685 
0.997884 0.0132103 -0.0636654 -3.59019 -0.0129323 0.999905 0.00477717 -2.32805 0.0637225 -0.00394372 0.99796 100.531 
0.9982 0.0157652 -0.0578684 -3.63342 -0.0154252 0.999861 0.00631775 -2.33585 0.05796 -0.00541374 0.998304 101.069 
0.998596 0.0165416 -0.0503269 -3.66149 -0.0161372 0.999834 0.00843255 -2.34505 0.0504581 -0.00760857 0.998697 101.586 
0.999104 0.0161007 -0.0391448 -3.70992 -0.0156368 0.999804 0.0121285 -2.37139 0.0393324 -0.0115056 0.99916 102.078 
0.999323 0.0152757 -0.0334673 -3.61898 -0.0148723 0.999814 0.0122699 -2.35429 0.0336485 -0.0117639 0.999364 102.543 
0.999619 0.0147649 -0.0233291 -3.57259 -0.0144659 0.999812 0.0129325 -2.36528 0.0235156 -0.0125901 0.999644 102.992 
0.999844 0.0150345 -0.00929615 -3.54015 -0.0149216 0.999815 0.0121031 -2.37081 0.0094764 -0.0119625 0.999884 103.423 
0.999838 0.0138969 0.0114025 -3.55734 -0.0140102 0.999853 0.00991313 -2.38064 -0.0112631 -0.0100713 0.999886 103.844 
0.999391 0.012712 0.0324959 -3.52503 -0.012904 0.9999 0.00570629 -2.38747 -0.0324202 -0.00612214 0.999456 104.256 
0.99831 0.0123347 0.0567942 -3.46312 -0.0123973 0.999923 0.000750276 -2.38806 -0.0567806 -0.0014531 0.998386 104.653 
0.996415 0.0100531 0.0840039 -3.40592 -0.00998424 0.999949 -0.00124021 -2.39449 -0.0840121 0.000397053 0.996465 105.051 
0.993375 0.0079092 0.114644 -3.34529 -0.00762211 0.999967 -0.00294232 -2.38395 -0.114663 0.002049 0.993402 105.434 
0.989813 0.0049183 0.142292 -3.20386 -0.00446115 0.999984 -0.00353166 -2.39819 -0.142307 0.0028609 0.989818 105.796 
0.984085 0.00200679 0.177688 -3.10501 -0.00128088 0.99999 -0.0041999 -2.40758 -0.177695 0.00390546 0.984078 106.159 
0.976303 -0.0010103 0.216405 -2.99643 0.00187758 0.999991 -0.00380208 -2.41271 -0.216399 0.0041183 0.976296 106.523 
0.966399 -0.00315075 0.257028 -2.87856 0.00428554 0.999983 -0.00385503 -2.42471 -0.257012 0.004827 0.966396 106.869 
0.954823 -0.0021747 0.297169 -2.71671 0.00385936 0.99998 -0.00508245 -2.43223 -0.297152 0.00599972 0.954811 107.2 
0.940283 0.000617472 0.340392 -2.55129 0.00178407 0.999976 -0.00674218 -2.43209 -0.340388 0.00694684 0.940259 107.526 
0.922835 0.00213033 0.385189 -2.38419 0.000330409 0.99998 -0.00632209 -2.43528 -0.385195 0.00596151 0.922816 107.838 
0.903024 0.00234253 0.429583 -2.19519 -0.000163552 0.999987 -0.00510916 -2.4459 -0.429589 0.00454344 0.903013 108.145 
0.881552 0.00112062 0.472086 -1.97116 0.00185257 0.999981 -0.00583313 -2.44041 -0.472083 0.00601678 0.881533 108.408 
0.857381 0.00090334 0.514682 -1.75494 0.00333291 0.999968 -0.0073072 -2.45433 -0.514672 0.00798044 0.85735 108.685 
0.830317 0.00121149 0.557289 -1.53484 0.00541446 0.999933 -0.0102409 -2.46318 -0.557264 0.0115206 0.830255 108.944 
0.800386 0.00350701 0.599475 -1.29744 0.00740443 0.999849 -0.0157352 -2.45998 -0.59944 0.017033 0.800239 109.204 
0.767496 0.0102978 0.640971 -1.05142 0.00427869 0.999766 -0.0211855 -2.48966 -0.64104 0.0190023 0.767272 109.445 
0.730449 0.0197223 0.682682 -0.793799 -0.00469186 0.999704 -0.0238607 -2.57184 -0.682951 0.014226 0.730326 109.682 
0.690157 0.0204595 0.723371 -0.520999 -0.00419898 0.999697 -0.0242688 -2.57756 -0.723648 0.0137119 0.690033 109.921 
0.647791 0.0186445 0.76159 -0.23366 -0.00470997 0.999779 -0.0204694 -2.59397 -0.761804 0.00967285 0.647736 110.133 
0.603154 0.0198339 0.797378 0.0797489 -0.00835158 0.999793 -0.0185514 -2.61687 -0.797581 0.00453 0.603195 110.338 
0.556529 0.0199821 0.830588 0.402267 -0.00952923 0.999798 -0.0176679 -2.61553 -0.830774 0.00191783 0.556607 110.518 
0.508655 0.0188291 0.860764 0.745659 -0.0108988 0.999822 -0.0154305 -2.62305 -0.860901 -0.00153245 0.50877 110.682 
0.458774 0.0184555 0.888361 1.1047 -0.0148753 0.999804 -0.0130886 -2.651 -0.888428 -0.00720991 0.458959 110.805 
0.408928 0.0209847 0.912325 1.4808 -0.0172482 0.999735 -0.0152641 -2.66992 -0.912403 -0.00949399 0.409182 110.902 
0.358227 0.0201665 0.933417 1.84957 -0.011726 0.999785 -0.0171001 -2.64435 -0.933561 -0.00481952 0.358387 111.033 
0.307336 0.0190289 0.951411 2.22612 -0.00574874 0.999819 -0.01814 -2.62821 -0.951584 0.000105669 0.30739 111.145 
0.261415 0.0194345 0.965031 2.63411 -0.00351301 0.99981 -0.0191833 -2.64565 -0.96522 0.00162462 0.261433 111.177 
0.218126 0.0121457 0.975845 3.045 0.000640225 0.999921 -0.0125885 -2.62767 -0.97592 0.00337063 0.218101 111.259 
0.182789 0.00489681 0.98314 3.478 0.00367354 0.999977 -0.00566368 -2.61718 -0.983145 0.00464686 0.182767 111.307 
0.152668 0.0026723 0.988274 3.92308 0.00558244 0.999978 -0.00356632 -2.6226 -0.988262 0.00606144 0.15265 111.315 
0.126523 0.00533987 0.991949 4.38825 0.00367503 0.999976 -0.00585183 -2.62575 -0.991957 0.00438583 0.1265 111.341 
0.101314 0.0119851 0.994782 4.86983 -0.00107148 0.999928 -0.0119379 -2.63209 -0.994854 0.000143592 0.101319 111.397 
0.0790038 0.01828 0.996707 5.36884 -0.00649864 0.99982 -0.017822 -2.66193 -0.996853 -0.00506923 0.0791084 111.415 
0.0578233 0.0134915 0.998236 5.88727 -0.00914963 0.999874 -0.0129837 -2.69936 -0.998285 -0.00838273 0.0579395 111.385 
0.0375868 0.00684588 0.99927 6.42165 -0.00825451 0.999945 -0.00654001 -2.72559 -0.999259 -0.00800266 0.0376412 111.355 
0.0207241 0.00277824 0.999781 6.97496 -0.00562902 0.999981 -0.00266211 -2.7375 -0.999769 -0.00557262 0.0207394 111.325 
0.00620801 0.00200379 0.999979 7.54806 0.000142369 0.999998 -0.00200471 -2.73321 -0.999981 0.000154812 0.00620771 111.329 
-0.00456769 0.00434851 0.99998 8.14047 0.00495652 0.999978 -0.00432586 -2.73119 -0.999977 0.00493666 -0.00458914 111.325 
-0.0110611 0.00280814 0.999935 8.75884 0.00459492 0.999986 -0.00275745 -2.7408 -0.999928 0.00456412 -0.0110738 111.317 
-0.012421 -0.00529759 0.999909 9.40098 0.000351126 0.999986 0.00530236 -2.74701 -0.999923 0.000416955 -0.0124189 111.276 
-0.0117037 -0.00655459 0.99991 10.0581 -0.00111148 0.999978 0.00654203 -2.74781 -0.999931 -0.00103481 -0.0117108 111.257 
-0.0100167 -0.00556464 0.999934 10.7343 -0.00121978 0.999984 0.0055527 -2.72729 -0.999949 -0.00116408 -0.0100234 111.269 
-0.00868538 -0.0018945 0.99996 11.4231 -0.000392504 0.999998 0.00189116 -2.72709 -0.999962 -0.000376063 -0.00868611 111.285 
-0.00792393 -0.00105488 0.999968 12.133 0.00105601 0.999999 0.00106328 -2.71895 -0.999968 0.0010644 -0.00792281 111.309 
-0.00642908 -0.000590705 0.999979 12.8559 0.00201897 0.999998 0.000603696 -2.72385 -0.999977 0.0020228 -0.00642787 111.287 
-0.00658449 -0.000761426 0.999978 13.5948 0.00133339 0.999999 0.000770222 -2.73153 -0.999977 0.00133843 -0.00658347 111.299 
-0.00575803 -0.000111257 0.999983 14.3512 8.36672e-05 1 0.000111741 -2.73825 -0.999983 8.43092e-05 -0.00575802 111.298 
-0.00531923 -0.000805878 0.999986 15.1168 -0.00151039 0.999999 0.000797854 -2.75735 -0.999985 -0.00150612 -0.00532044 111.306 
-0.00485713 -0.000702304 0.999988 15.8943 -0.00240097 0.999997 0.000690648 -2.74962 -0.999985 -0.00239759 -0.0048588 111.308 
-0.00622124 0.00394887 0.999973 16.6742 -0.00428998 0.999983 -0.0039756 -2.78239 -0.999971 -0.0043146 -0.0062042 111.299 
-0.00801191 0.00367691 0.999961 17.4611 -0.00489368 0.999981 -0.00371619 -2.78258 -0.999956 -0.00492326 -0.00799376 111.312 
-0.00901315 0.000362834 0.999959 18.2594 -0.00752152 0.999972 -0.000430634 -2.7926 -0.999931 -0.00752509 -0.00901016 111.305 
-0.0100089 -0.00231443 0.999947 19.0661 -0.00926692 0.999955 0.0022217 -2.80154 -0.999907 -0.0092442 -0.0100298 111.296 
-0.0118268 0.0010298 0.99993 19.8829 -0.00862818 0.999962 -0.00113188 -2.80244 -0.999893 -0.00864096 -0.0118174 111.29 
-0.0122861 0.00443825 0.999915 20.701 -0.00319338 0.999985 -0.0044778 -2.80281 -0.999919 -0.00324813 -0.0122717 111.287 
-0.0128369 0.00259493 0.999914 21.5228 0.000744941 0.999996 -0.00258558 -2.82199 -0.999917 0.000711686 -0.0128388 111.265 
-0.0139304 0.00238442 0.9999 22.3539 0.00233201 0.999995 -0.00235216 -2.83685 -0.9999 0.00229901 -0.0139359 111.25 
-0.0152396 0.00651978 0.999863 23.1926 -1.66399e-05 0.999979 -0.00652079 -2.85846 -0.999884 -0.000116012 -0.0152391 111.246 
-0.0161358 0.00919945 0.999827 24.0344 -0.00381392 0.99995 -0.00926213 -2.86844 -0.999863 -0.00396271 -0.0160999 111.242 
-0.0161256 0.0102177 0.999818 24.8785 -0.0085652 0.99991 -0.0103568 -2.886 -0.999833 -0.00873065 -0.0160366 111.232 
-0.0163289 0.0119136 0.999796 25.724 -0.0128553 0.999844 -0.0121242 -2.88601 -0.999784 -0.0130506 -0.0161731 111.231 
-0.0161341 0.0138415 0.999774 26.5621 -0.0138507 0.999805 -0.0140655 -2.91376 -0.999774 -0.0140745 -0.0159392 111.238 
-0.0144753 0.00982635 0.999847 27.3926 -0.00748997 0.999923 -0.00993552 -2.94656 -0.999867 -0.00763264 -0.0144006 111.208 
-0.0134038 0.00771509 0.99988 28.2135 0.00323674 0.999965 -0.00767235 -2.97222 -0.999905 0.00313351 -0.0134284 111.183 
-0.0123789 0.00397717 0.999915 29.0368 0.00881735 0.999954 -0.00386816 -2.96991 -0.999885 0.00876872 -0.0124134 111.169 
-0.0125709 0.00216152 0.999919 29.8689 0.00213604 0.999995 -0.00213483 -2.99043 -0.999919 0.00210903 -0.0125755 111.176 
-0.0115657 -0.000887613 0.999933 30.7007 -0.00578722 0.999983 0.00082072 -3.00497 -0.999916 -0.00577734 -0.0115707 111.16 
-0.0100168 -0.00417504 0.999941 31.5227 -0.00779684 0.999961 0.00409702 -3.00858 -0.999919 -0.00775534 -0.0100489 111.143 
-0.009496 -0.00450923 0.999945 32.3361 -0.00605917 0.999972 0.00445181 -3.0112 -0.999937 -0.00601656 -0.00952306 111.147 
-0.0101781 -0.00196981 0.999946 33.1488 -0.00534233 0.999984 0.0019155 -3.02151 -0.999934 -0.00532254 -0.0101885 111.137 
-0.0126865 -0.000294234 0.999919 33.9552 -0.00513925 0.999987 0.00022905 -3.03552 -0.999906 -0.00513593 -0.0126878 111.14 
-0.0147011 0.000107507 0.999892 34.7596 -0.00532404 0.999986 -0.000185794 -3.05096 -0.999878 -0.00532619 -0.0147003 111.121 
-0.0169861 0.0024413 0.999853 35.5597 -0.00511414 0.999984 -0.0025285 -3.07544 -0.999843 -0.00515634 -0.0169734 111.112 
-0.018808 0.00451003 0.999813 36.3557 -0.00578648 0.999973 -0.00461961 -3.10696 -0.999806 -0.00587228 -0.0187814 111.096 
-0.0206512 0.00581356 0.99977 37.1504 -0.00660324 0.99996 -0.00595106 -3.12703 -0.999765 -0.00672462 -0.020612 111.08 
-0.0220958 0.0039929 0.999748 37.941 -0.00834466 0.999956 -0.00417816 -3.14583 -0.999721 -0.00843488 -0.0220616 111.059 
-0.0232692 0.00456419 0.999719 38.723 -0.00876985 0.99995 -0.00476937 -3.1837 -0.999691 -0.00887836 -0.023228 111.021 
-0.0243848 0.0055608 0.999687 39.5038 -0.00772936 0.999954 -0.00575082 -3.20211 -0.999673 -0.00786717 -0.0243407 110.988 
-0.0263618 0.00640992 0.999632 40.2759 -0.00653284 0.999957 -0.00658428 -3.21585 -0.999631 -0.00670401 -0.0263188 110.982 
-0.0260534 0.00187026 0.999659 41.0486 -0.00629915 0.999978 -0.00203503 -3.20473 -0.999641 -0.00635002 -0.0260411 110.94 
-0.0273136 -0.00119727 0.999626 41.8169 -0.00784632 0.999969 0.000983285 -3.21012 -0.999596 -0.00781653 -0.0273222 110.912 
-0.0293586 -4.61684e-05 0.999569 42.5779 -0.00789809 0.999969 -0.00018579 -3.22498 -0.999538 -0.00790014 -0.029358 110.896 
-0.030872 0.00381574 0.999516 43.3279 -0.00861 0.999955 -0.00408335 -3.24999 -0.999486 -0.00873189 -0.0308377 110.883 
-0.0316729 0.00508565 0.999485 44.0619 -0.00957708 0.99994 -0.00539145 -3.26395 -0.999452 -0.00974291 -0.0316223 110.868 
-0.0324001 0.00547104 0.99946 44.7767 -0.0100783 0.999932 -0.00580034 -3.28338 -0.999424 -0.0102608 -0.0323427 110.84 
-0.0327671 0.00339498 0.999457 45.4824 -0.00742836 0.999966 -0.00364024 -3.29758 -0.999435 -0.00754361 -0.0327408 110.829 
-0.0331142 0.00437452 0.999442 46.1832 -0.00467162 0.999979 -0.00453165 -3.31991 -0.999441 -0.00481908 -0.0330931 110.805 
-0.0335553 0.00571786 0.999421 46.8812 -0.00306523 0.999978 -0.00582397 -3.33777 -0.999432 -0.00325888 -0.033537 110.8 
-0.0335803 0.00484268 0.999424 47.5761 -0.00250583 0.999985 -0.00492959 -3.35821 -0.999433 -0.00266993 -0.0335677 110.775 
-0.0337271 0.00387346 0.999424 48.2711 -0.00272985 0.999988 -0.00396777 -3.37344 -0.999427 -0.00286209 -0.0337162 110.751 
-0.0341676 0.00593915 0.999398 48.9595 -0.00377601 0.999974 -0.00607167 -3.39698 -0.999409 -0.0039812 -0.0341443 110.722 
-0.0342256 0.0108267 0.999355 49.6452 -0.00382797 0.999933 -0.0109641 -3.42199 -0.999407 -0.00420075 -0.0341818 110.708 
-0.0339278 0.0123889 0.999347 50.3298 -0.00295001 0.999918 -0.0124961 -3.43866 -0.99942 -0.00337205 -0.0338885 110.694 
-0.0334168 0.00858136 0.999405 51.005 -0.00456642 0.999951 -0.00873874 -3.45114 -0.999431 -0.00485572 -0.033376 110.657 
-0.0344713 0.00808989 0.999373 51.6784 -0.00491914 0.999954 -0.00826427 -3.46589 -0.999394 -0.00520094 -0.0344299 110.636 
-0.0381396 0.0121338 0.999199 52.3482 -0.00523402 0.99991 -0.0123422 -3.48942 -0.999259 -0.00570055 -0.0380727 110.62 
-0.0434066 0.016067 0.998928 53.0143 -0.00496723 0.999855 -0.0162978 -3.50929 -0.999045 -0.00566934 -0.0433205 110.6 
-0.0492066 0.0125402 0.99871 53.6747 -0.00140361 0.999919 -0.0126245 -3.52514 -0.998788 -0.00202301 -0.0491851 110.563 
-0.0561914 0.0102203 0.998368 54.337 0.00128385 0.999948 -0.0101643 -3.54121 -0.998419 0.00071061 -0.0562016 110.525 
-0.0624884 0.0107037 0.997988 55.0065 0.00416017 0.999937 -0.0104641 -3.54768 -0.998037 0.00349791 -0.062529 110.472 
-0.0669672 0.0181202 0.997591 55.6767 0.00322539 0.999834 -0.0179444 -3.59201 -0.99775 0.00201593 -0.0670145 110.411 
-0.0730441 0.0184356 0.997158 56.3554 0.00336728 0.999828 -0.0182383 -3.60041 -0.997323 0.00202551 -0.0730937 110.375 
-0.0775988 0.0214907 0.996753 57.0346 0.00442811 0.999765 -0.0212109 -3.63083 -0.996975 0.00276779 -0.0776758 110.308 
-0.0812369 0.0245699 0.996392 57.723 0.00396154 0.999696 -0.0243284 -3.66155 -0.996687 0.00197089 -0.0813095 110.251 
-0.0843347 0.0243655 0.99614 58.4214 0.000994262 0.999703 -0.0243685 -3.68174 -0.996437 -0.00106468 -0.0843338 110.199 
-0.0860116 0.021362 0.996065 59.132 -0.00253381 0.999762 -0.0216601 -3.6997 -0.996291 -0.00438686 -0.085937 110.133 
-0.0873189 0.0213339 0.995952 59.8567 -0.00547792 0.999745 -0.0218954 -3.73132 -0.996165 -0.00736763 -0.0871798 110.076 
-0.0891147 0.0223306 0.995771 60.5838 -0.0050893 0.999725 -0.0228747 -3.75288 -0.996008 -0.00710625 -0.0889766 110.022 
-0.089237 0.0204644 0.9958 61.3128 -0.00165139 0.999784 -0.0206943 -3.77564 -0.996009 -0.00349115 -0.089184 109.951 
-0.0906441 0.0141179 0.995783 62.0481 0.00222869 0.9999 -0.0139734 -3.79493 -0.995881 0.000952691 -0.0906665 109.889 
-0.0920473 0.00898921 0.995714 62.7911 0.00563476 0.999948 -0.00850653 -3.81676 -0.995739 0.0048276 -0.0920932 109.823 
-0.0929446 0.00786658 0.99564 63.5384 0.00740198 0.999947 -0.00720962 -3.82912 -0.995644 0.00669961 -0.0929978 109.766 
-0.0939879 0.00968547 0.995526 64.2895 0.00663003 0.999937 -0.00910243 -3.83487 -0.995551 0.00574485 -0.0940462 109.712 
-0.0937008 0.00952922 0.995555 65.0421 0.00207375 0.999954 -0.00937615 -3.85106 -0.995598 0.00118598 -0.0937162 109.636 
-0.0932462 0.00715112 0.995617 65.7905 -0.000402714 0.999974 -0.00722013 -3.86961 -0.995643 -0.0010742 -0.0932408 109.561 
-0.0940056 0.00684073 0.995548 66.5473 -0.00149311 0.999974 -0.00701213 -3.89767 -0.995571 -0.00214565 -0.093993 109.495 
-0.0948562 0.00588206 0.995474 67.2926 0.00144924 0.999982 -0.00577061 -3.89496 -0.99549 0.000895298 -0.0948631 109.431 
-0.0967703 0.00670983 0.995284 68.0373 0.00233438 0.999976 -0.00651449 -3.91508 -0.995304 0.00169296 -0.0967837 109.352 
-0.0994824 0.0107488 0.994981 68.7803 0.00345319 0.999939 -0.0104571 -3.94376 -0.995033 0.00239556 -0.0995135 109.291 
-0.100922 0.0115777 0.994827 69.5293 0.0032839 0.999931 -0.0113039 -3.96949 -0.994889 0.0021261 -0.100953 109.212 
-0.10305 0.0120641 0.994603 70.2821 0.00280911 0.999926 -0.0118376 -3.99171 -0.994672 0.00157409 -0.103076 109.148 
-0.104776 0.0128983 0.994412 71.0402 0.00350872 0.999914 -0.0125999 -4.0101 -0.99449 0.00216894 -0.104812 109.084 
-0.106061 0.0126525 0.994279 71.7981 0.00499712 0.999913 -0.0121912 -4.02894 -0.994347 0.00367553 -0.106115 109.031 
-0.107487 0.0149849 0.994094 72.5608 0.00593536 0.999878 -0.0144303 -4.05188 -0.994189 0.00434923 -0.107562 108.972 
-0.108974 0.0195152 0.993853 73.3266 0.00773419 0.999794 -0.0187838 -4.07445 -0.994014 0.0056397 -0.109103 108.89 
-0.110399 0.0206449 0.993673 74.0994 0.00657451 0.999778 -0.0200413 -4.09949 -0.993866 0.00432036 -0.110511 108.809 
-0.111297 0.0227415 0.993527 74.876 0.00507087 0.999738 -0.0223156 -4.12262 -0.993774 0.00255437 -0.111383 108.727 
-0.113152 0.0250525 0.993262 75.6586 0.0043995 0.999685 -0.0247133 -4.14358 -0.993568 0.00157348 -0.113227 108.648 
-0.114945 0.0225765 0.993115 76.4436 0.00340903 0.999745 -0.0223326 -4.1763 -0.993366 0.000818528 -0.114993 108.553 
-0.115344 0.0207073 0.99311 77.2339 0.00403179 0.999784 -0.0203782 -4.19664 -0.993317 0.00165351 -0.115403 108.447 
-0.117334 0.0220106 0.992849 78.0281 0.00514088 0.999754 -0.0215562 -4.23806 -0.993079 0.00257485 -0.117418 108.347 
-0.118641 0.0164014 0.992802 78.8302 0.00869673 0.999842 -0.0154785 -4.23192 -0.992899 0.00679775 -0.118765 108.287 
-0.119184 0.0137418 0.992777 79.6348 0.0121621 0.999849 -0.0123797 -4.25495 -0.992798 0.0105988 -0.119333 108.197 
-0.120106 0.01272 0.99268 80.4435 0.0154314 0.999821 -0.0109444 -4.28264 -0.992641 0.0140039 -0.120281 108.099 
-0.119979 0.0109295 0.992716 81.2632 0.0159761 0.999831 -0.00907695 -4.29892 -0.992648 0.0147707 -0.120133 108.001 
-0.118389 0.00733943 0.99294 82.0869 0.0148272 0.999874 -0.00562283 -4.3084 -0.992857 0.0140568 -0.118483 107.884 
-0.118107 0.00637728 0.99298 82.9182 0.0126861 0.999907 -0.00491286 -4.32074 -0.99292 0.0120168 -0.118177 107.774 
-0.118669 0.00727301 0.992907 83.7565 0.0118464 0.999912 -0.00590848 -4.3344 -0.992863 0.0110612 -0.118745 107.701 
-0.116368 0.00868834 0.993168 84.5939 0.00960113 0.999925 -0.00762249 -4.35556 -0.99316 0.00864852 -0.116443 107.584 
-0.114925 0.00658704 0.993352 85.4452 0.00737627 0.999956 -0.00577743 -4.35952 -0.993347 0.00666326 -0.114969 107.494 
-0.113421 0.00710315 0.993522 86.2951 0.00368318 0.999971 -0.00672879 -4.39067 -0.99354 0.00289613 -0.113443 107.396 
-0.111971 0.00929604 0.993668 87.1466 0.00360758 0.999953 -0.00894833 -4.41836 -0.993705 0.00258279 -0.111999 107.309 
-0.111244 0.00920092 0.993751 87.9952 0.0080035 0.999933 -0.00836222 -4.4465 -0.993761 0.00702324 -0.11131 107.219 
-0.109403 0.00910014 0.993956 88.8452 0.014144 0.999871 -0.00759749 -4.46632 -0.993897 0.0132273 -0.109517 107.134 
-0.108344 0.011815 0.994043 89.6992 0.0181996 0.999785 -0.00989959 -4.48671 -0.993947 0.0170186 -0.108535 107.058 
-0.106735 0.0145122 0.994182 90.5577 0.0161341 0.999787 -0.0128619 -4.51889 -0.994157 0.0146674 -0.106946 106.937 
-0.106416 0.0127092 0.99424 91.4277 0.0128344 0.999853 -0.0114073 -4.54955 -0.994239 0.0115466 -0.106563 106.89 
-0.10565 0.0113593 0.994338 92.2941 0.0109666 0.999887 -0.0102574 -4.57018 -0.994343 0.00982085 -0.105763 106.793 
-0.105308 0.0121001 0.994366 93.1575 0.0109297 0.99988 -0.0110097 -4.59209 -0.99438 0.00970871 -0.105427 106.728 
-0.104727 0.0121435 0.994427 94.0236 0.0107845 0.999881 -0.0110744 -4.61349 -0.994443 0.00956465 -0.104845 106.647 
-0.104154 0.0095668 0.994515 94.8884 0.00839717 0.999927 -0.00873943 -4.63727 -0.994526 0.00744086 -0.104227 106.556 
-0.102837 0.00717182 0.994672 95.7515 0.0069839 0.999955 -0.00648785 -4.66107 -0.994674 0.0062795 -0.102883 106.461 
-0.102962 0.006018 0.994667 96.609 0.00825703 0.999952 -0.00519526 -4.67793 -0.994651 0.00767808 -0.103007 106.388 
-0.103149 0.0067095 0.994643 97.4675 0.0101332 0.999932 -0.00569432 -4.71075 -0.994614 0.00949155 -0.10321 106.326 
-0.101977 0.0101336 0.994735 98.3215 0.0121666 0.999886 -0.00893882 -4.73398 -0.994712 0.011191 -0.102089 106.241 
-0.100481 0.0143687 0.994835 99.1742 0.00919433 0.999866 -0.0135128 -4.75005 -0.994897 0.00778908 -0.100599 106.141 
-0.100721 0.0193246 0.994727 100.027 0.00825727 0.999793 -0.0185869 -4.77795 -0.99488 0.00634164 -0.100859 106.077 
-0.101721 0.0207642 0.994596 100.866 0.0078657 0.999768 -0.0200677 -4.83466 -0.994782 0.0057819 -0.10186 105.986 
-0.102372 0.0249013 0.994434 101.702 0.0143931 0.999619 -0.0235494 -4.85339 -0.994642 0.0119022 -0.102692 105.901 
-0.102002 0.023434 0.994508 102.531 0.0166486 0.999623 -0.0218469 -4.88553 -0.994645 0.0143287 -0.102354 105.803 
-0.104657 0.0246703 0.994202 103.362 0.0172314 0.999587 -0.02299 -4.92781 -0.994359 0.0147255 -0.105039 105.744 
-0.105014 0.0209131 0.994251 104.19 0.0168355 0.999673 -0.019249 -4.94625 -0.994328 0.0147173 -0.105331 105.661 
-0.105637 0.0201631 0.9942 105.008 0.0170722 0.999684 -0.0184604 -4.98655 -0.994258 0.015023 -0.105948 105.575 
-0.10599 0.018297 0.994199 105.821 0.0194188 0.999678 -0.0163277 -5.02311 -0.994178 0.0175755 -0.106311 105.482 
-0.107063 0.0195637 0.99406 106.631 0.0210137 0.999628 -0.01741 -5.05141 -0.99403 0.0190249 -0.107434 105.414 
-0.108408 0.0229747 0.993841 107.439 0.0219497 0.999545 -0.0207123 -5.07726 -0.993864 0.0195692 -0.108863 105.354 
-0.110797 0.0239928 0.993553 108.239 0.0207975 0.999546 -0.0218183 -5.11146 -0.993625 0.018246 -0.111245 105.269 
-0.114036 0.0266983 0.993118 109.03 0.0221433 0.999459 -0.0243262 -5.16078 -0.99323 0.0192168 -0.114566 105.182 
-0.116218 0.0278155 0.992834 109.812 0.0238575 0.999398 -0.0252067 -5.21221 -0.992937 0.0207571 -0.116811 105.066 
-0.119816 0.0277634 0.992408 110.596 0.0255182 0.999365 -0.0248772 -5.23552 -0.992468 0.0223438 -0.120449 105.001 
-0.123493 0.0276312 0.991961 111.374 0.0243206 0.999396 -0.0248106 -5.27961 -0.992047 0.0210612 -0.12409 104.903 
-0.127222 0.0259945 0.991534 112.152 0.0242877 0.999438 -0.0230854 -5.28821 -0.991577 0.0211451 -0.127782 104.836 
-0.129643 0.0241325 0.991267 112.923 0.0243999 0.999479 -0.0211413 -5.32046 -0.99126 0.021446 -0.130165 104.726 
-0.130976 0.0295449 0.990945 113.687 0.0306427 0.999199 -0.0257408 -5.35586 -0.990912 0.0269938 -0.131776 104.631 
-0.132793 0.032023 0.990626 114.447 0.0384778 0.998891 -0.0271323 -5.38841 -0.990397 0.0345142 -0.133878 104.544 
-0.135648 0.0289931 0.990333 115.203 0.040125 0.998912 -0.0237483 -5.42226 -0.989944 0.0365157 -0.136664 104.418 
-0.138194 0.0269755 0.990038 115.966 0.0381544 0.999032 -0.0218948 -5.4386 -0.98967 0.0347486 -0.13909 104.307 
-0.141282 0.0282167 0.989567 116.734 0.0305145 0.999243 -0.024136 -5.465 -0.989499 0.0267862 -0.142036 104.206 
-0.141645 0.0276262 0.989532 117.486 0.0285543 0.999309 -0.0238118 -5.49873 -0.989506 0.0248826 -0.142336 104.062 
-0.141874 0.0267061 0.989524 118.234 0.0321579 0.999233 -0.0223575 -5.51666 -0.989362 0.028649 -0.142624 103.94 
-0.145218 0.0298076 0.988951 118.983 0.0366395 0.999022 -0.024731 -5.54414 -0.988721 0.0326433 -0.146169 103.857 
-0.14792 0.0305977 0.988526 119.728 0.0393785 0.998911 -0.0250267 -5.56982 -0.988215 0.0352247 -0.148964 103.752 
-0.149598 0.0272487 0.988371 120.466 0.042548 0.998872 -0.0210982 -5.59977 -0.987831 0.038897 -0.150588 103.629 
-0.151974 0.0268591 0.98802 121.206 0.0469728 0.998697 -0.0199242 -5.62316 -0.987268 0.0433821 -0.153037 103.536 
-0.154653 0.0266795 0.987609 121.942 0.0497626 0.998577 -0.0191833 -5.64326 -0.986715 0.0461792 -0.15576 103.43 
-0.15714 0.0241913 0.98728 122.68 0.0465062 0.998772 -0.0170707 -5.66167 -0.986481 0.0432322 -0.158072 103.323 
-0.160184 0.0209613 0.986865 123.414 0.0423791 0.998999 -0.0143402 -5.67963 -0.986177 0.0395254 -0.160912 103.181 
-0.165765 0.0193256 0.985976 124.142 0.0402908 0.999106 -0.0128091 -5.70066 -0.985342 0.0376025 -0.166395 103.051 
-0.172115 0.0202399 0.984869 124.872 0.0394982 0.999127 -0.0136303 -5.72075 -0.984285 0.0365545 -0.172764 102.942 
-0.180215 0.0224935 0.98337 125.59 0.0406308 0.999055 -0.0154062 -5.74316 -0.982788 0.0371787 -0.180958 102.808 
-0.191911 0.0237796 0.981124 126.306 0.0406502 0.999041 -0.0162626 -5.77381 -0.98057 0.0367619 -0.192693 102.672 
-0.203306 0.0242583 0.978815 127.014 0.0416118 0.999004 -0.0161156 -5.79651 -0.978231 0.0374538 -0.204113 102.508 
-0.216192 0.0235239 0.976067 127.727 0.0421732 0.999002 -0.0147355 -5.81323 -0.97544 0.0379782 -0.216969 102.371 
-0.228296 0.0218063 0.973348 128.434 0.0417761 0.999048 -0.0125836 -5.82194 -0.972695 0.0377899 -0.228989 102.21 
-0.240013 0.018936 0.970585 129.145 0.0424757 0.999057 -0.00898776 -5.80955 -0.96984 0.0390691 -0.240591 102.07 
-0.251131 0.0157969 0.967824 129.847 0.0410447 0.999141 -0.00565777 -5.8217 -0.967082 0.0383032 -0.251564 101.906 
-0.261304 0.0100267 0.965204 130.548 0.0381087 0.999274 -6.36493e-05 -5.83967 -0.964504 0.0367661 -0.261497 101.733 
-0.269254 0.00539724 0.963054 131.24 0.0374934 0.999285 0.00488226 -5.82267 -0.962339 0.0374228 -0.269264 101.535 
-0.277254 0.00665836 0.960774 131.932 0.0374762 0.99929 0.00388935 -5.84137 -0.960066 0.0370845 -0.277306 101.355 
-0.282397 0.00310881 0.959293 132.619 0.0336207 0.999412 0.00665844 -5.84409 -0.958708 0.0341324 -0.282335 101.154 
-0.284349 -0.00323518 0.958715 133.297 0.0274202 0.999558 0.0115057 -5.84262 -0.958329 0.0295598 -0.284135 100.934 
-0.285119 -0.00869695 0.958453 133.972 0.0234668 0.999596 0.0160511 -5.83699 -0.958205 0.0270683 -0.284799 100.716 
-0.289088 -0.0102248 0.957248 134.656 0.0196667 0.999668 0.0166173 -5.86788 -0.9571 0.0236297 -0.288791 100.55 
-0.289497 -0.0121727 0.957102 135.325 0.0238699 0.999516 0.0199321 -5.86921 -0.956881 0.0286162 -0.289066 100.366 
-0.288407 -0.0126066 0.957425 135.987 0.0266006 0.999422 0.0211726 -5.87244 -0.957138 0.0315744 -0.287905 100.172 
-0.288182 -0.0140917 0.957472 136.648 0.0260636 0.999406 0.0225535 -5.86044 -0.957221 0.0314547 -0.287644 99.9804 
-0.287564 -0.0152275 0.95764 137.312 0.0239689 0.999446 0.0230897 -5.85395 -0.957462 0.0295933 -0.287039 99.7978 
-0.287091 -0.0183969 0.957727 137.973 0.0186337 0.999519 0.0247854 -5.85813 -0.957722 0.0249616 -0.28661 99.6226 
-0.284095 -0.0191177 0.958606 138.611 0.0181743 0.999514 0.0253197 -5.86416 -0.958624 0.0246152 -0.283609 99.4146 
-0.284945 -0.019942 0.958336 139.259 0.0206667 0.999423 0.0269419 -5.85232 -0.958321 0.0274827 -0.284369 99.2652 
-0.28033 -0.0220046 0.959652 139.89 0.0205019 0.999372 0.0289044 -5.85037 -0.959685 0.0277774 -0.279702 99.0731 
-0.274404 -0.0235574 0.961326 140.52 0.0189425 0.999373 0.0298968 -5.83924 -0.961428 0.0264137 -0.273785 98.8815 
-0.268722 -0.0243845 0.962909 141.147 0.0167908 0.999409 0.0299947 -5.8315 -0.963072 0.0242282 -0.268153 98.6949 
-0.263082 -0.0239497 0.964476 141.767 0.0147428 0.999475 0.0288402 -5.82855 -0.964661 0.0218064 -0.262591 98.5062 
-0.258933 -0.0236647 0.965605 142.389 0.0137335 0.999509 0.0281783 -5.8286 -0.965798 0.0205574 -0.25848 98.3527 
-0.254829 -0.0219041 0.966738 143.002 0.0127448 0.99958 0.0260077 -5.83397 -0.966902 0.0189484 -0.254443 98.1771 
-0.251578 -0.0241179 0.967537 143.617 0.00992936 0.999573 0.0274982 -5.83142 -0.967786 0.016525 -0.251231 98.0178 
-0.247646 -0.0266626 0.968484 144.224 0.00712862 0.999544 0.0293406 -5.82241 -0.968824 0.01417 -0.247343 97.8461 
-0.2443 -0.0243588 0.969394 144.827 0.00677745 0.999617 0.0268262 -5.82062 -0.969676 0.0131237 -0.244041 97.7007 
