1 0 0 0 0 1 0 0 0 0 1 0 
0.999999 -0.00133473 -0.000685745 0.0166573 0.00133555 0.999998 0.00119969 -0.0199291 0.000684142 -0.00120061 0.999999 1.31051 
0.999995 -0.00276901 -0.00167106 0.0346307 0.00277119 0.999995 0.00130304 -0.0379782 0.00166744 -0.00130767 0.999998 2.62514 
0.99999 -0.0026691 -0.00350185 0.125034 0.00266788 0.999996 -0.000354468 -0.0515784 0.00350278 0.000345122 0.999994 3.93856 
0.999988 -0.00297682 -0.00383993 0.130359 0.00297503 0.999995 -0.000472959 -0.0663274 0.00384132 0.00046153 0.999993 5.25793 
0.999988 -0.00249022 -0.0041269 0.163828 0.00249134 0.999997 0.000266335 -0.0959723 0.00412622 -0.000276614 0.999991 6.5779 
0.999993 -0.00369071 -0.000973754 0.0824299 0.00369202 0.999992 0.00135059 -0.124348 0.000968762 -0.00135418 0.999999 7.90233 
0.999994 -0.00345633 0.000866299 0.00796479 0.00345466 0.999992 0.00192219 -0.141206 -0.000872936 -0.00191919 0.999998 9.23042 
0.999995 -0.00328477 0.000416108 -0.0149751 0.0032845 0.999994 0.000630968 -0.178135 -0.000418178 -0.000629598 1 10.5605 
0.999996 -0.00252401 -0.000830406 -0.0313152 0.00252337 0.999997 -0.000768168 -0.229747 0.000832342 0.00076607 0.999999 11.8941 
1 0.000399715 -0.000788047 -0.0977294 -0.000401543 0.999997 -0.00232082 -0.223044 0.000787117 0.00232113 0.999997 13.2303 
0.999987 0.00357705 -0.00362685 -0.0268724 -0.00358968 0.999987 -0.0034816 -0.234222 0.00361435 0.00349458 0.999987 14.5669 
0.999984 0.00466809 -0.00318036 -0.0447346 -0.00467603 0.999986 -0.00249288 -0.264948 0.00316868 0.00250771 0.999992 15.9168 
0.999994 0.00209371 -0.00261207 -0.0529724 -0.00209434 0.999998 -0.000240186 -0.274275 0.00261156 0.000245655 0.999997 17.2685 
0.999996 -0.00200557 -0.00208578 -0.0708868 0.00200806 0.999997 0.00119086 -0.286458 0.00208339 -0.00119504 0.999997 18.6209 
0.999978 -0.0052846 -0.00411254 -0.0689329 0.00528074 0.999986 -0.000949127 -0.316454 0.0041175 0.000927389 0.999991 19.9727 
0.999963 -0.0074212 -0.00443162 -0.0831038 0.00741074 0.99997 -0.00237272 -0.356186 0.0044491 0.00233979 0.999987 21.3268 
0.999987 -0.00385316 -0.0033478 -0.0902319 0.00383604 0.99998 -0.00510424 -0.375554 0.0033674 0.00509133 0.999981 22.6914 
0.999996 -0.00130171 -0.00238357 -0.110744 0.00129436 0.999994 -0.00308008 -0.398641 0.00238757 0.00307698 0.999992 24.0577 
0.999997 -0.00115576 -0.00223979 -0.125552 0.00115719 0.999999 0.000637683 -0.426524 0.00223905 -0.000640273 0.999997 25.434 
0.999992 -0.00373778 -0.00149586 -0.138128 0.00374147 0.99999 0.00246906 -0.445007 0.00148662 -0.00247464 0.999996 26.8056 
0.999972 -0.00723214 -0.00168239 -0.141477 0.00723353 0.999973 0.000822377 -0.470086 0.0016764 -0.000834524 0.999998 28.18 
0.999951 -0.00936624 -0.00306784 -0.142205 0.00936459 0.999956 -0.000551916 -0.505907 0.00307287 0.00052316 0.999995 29.5551 
0.999949 -0.00999313 -0.00118619 -0.168799 0.00998975 0.999946 -0.00282519 -0.527623 0.00121435 0.0028132 0.999995 30.9347 
0.999967 -0.00810227 0.000256887 -0.191188 0.00810295 0.999963 -0.00278524 -0.562662 -0.000234311 0.00278723 0.999996 32.3198 
0.99998 -0.00634336 0.000313643 -0.182314 0.00634501 0.999964 -0.00554941 -0.57442 -0.00027843 0.00555129 0.999985 33.7025 
0.999987 -0.00502269 0.000574239 -0.190552 0.00502549 0.999975 -0.00498762 -0.604074 -0.000549174 0.00499044 0.999987 35.0955 
0.999988 -0.00488703 0.000513864 -0.202856 0.00488902 0.99998 -0.00395955 -0.63139 -0.000494504 0.00396201 0.999992 36.4926 
0.999995 -0.00266368 -0.00148817 -0.17469 0.0026585 0.99999 -0.00347199 -0.645374 0.0014974 0.00346801 0.999993 37.8905 
0.999999 0.00110964 -0.00107127 -0.196562 -0.00111376 0.999992 -0.00384532 -0.656059 0.00106699 0.0038465 0.999992 39.2861 
0.999991 0.00409039 -0.00108732 -0.179394 -0.00409495 0.999983 -0.0042215 -0.693962 0.00107004 0.00422592 0.99999 40.6885 
0.999971 0.00751616 -0.00152919 -0.154268 -0.00752241 0.999963 -0.00411779 -0.729498 0.00149819 0.00412917 0.99999 42.0947 
0.999974 0.00700557 -0.00155802 -0.199181 -0.00701121 0.999969 -0.00364235 -0.754626 0.00153246 0.00365318 0.999992 43.5015 
0.99998 0.00587913 -0.00253494 -0.185396 -0.00588868 0.999976 -0.00377701 -0.775549 0.00251267 0.00379186 0.99999 44.9111 
0.999983 0.00411287 -0.00412956 -0.226007 -0.00412995 0.999983 -0.00413658 -0.797429 0.00411247 0.00415357 0.999983 46.3236 
0.999976 0.00414148 -0.00563328 -0.217666 -0.00417138 0.999977 -0.00530622 -0.806898 0.00561118 0.00532959 0.99997 47.7395 
0.999975 0.00352329 -0.00608656 -0.214678 -0.00354559 0.999987 -0.00365572 -0.846879 0.0060736 0.00367721 0.999975 49.1617 
0.999968 0.00392409 -0.00698644 -0.239611 -0.00395229 0.999984 -0.00402752 -0.873494 0.00697053 0.004055 0.999967 50.5839 
0.999954 0.005588 -0.00782288 -0.25134 -0.00561681 0.999978 -0.00366597 -0.913811 0.00780222 0.00370974 0.999963 52.0096 
0.99995 0.00399816 -0.00917316 -0.267852 -0.0040218 0.999989 -0.00255959 -0.968238 0.00916282 0.00259635 0.999955 53.4375 
0.999956 0.0020645 -0.00911741 -0.328594 -0.00207971 0.999996 -0.00165897 -0.987821 0.00911396 0.00167785 0.999957 54.8637 
0.999943 0.00230199 -0.0104726 -0.319903 -0.00232474 0.999995 -0.00216049 -1.01721 0.0104675 0.00218472 0.999943 56.2955 
0.999947 0.000203569 -0.0103139 -0.352626 -0.000233365 0.999996 -0.00288781 -1.04917 0.0103133 0.00289006 0.999943 57.7238 
0.999945 -0.0010355 -0.0104718 -0.37192 0.00100916 0.999996 -0.00252054 -1.0874 0.0104744 0.00250983 0.999942 59.1514 
0.999944 -0.00221823 -0.010373 -0.377335 0.00221108 0.999997 -0.000700099 -1.14984 0.0103745 0.000677124 0.999946 60.5797 
0.999941 -0.00362368 -0.0102091 -0.375145 0.00362263 0.999993 -0.000121126 -1.16904 0.0102094 8.41349e-05 0.999948 62.0045 
0.999934 -0.0062716 -0.00966098 -0.406124 0.00626258 0.99998 -0.000964274 -1.18375 0.00966684 0.000903708 0.999953 63.4283 
0.999947 -0.00621248 -0.00817032 -0.423328 0.00619848 0.999979 -0.00173861 -1.22008 0.00818095 0.00168788 0.999965 64.8478 
0.999959 -0.00554738 -0.00721759 -0.433919 0.00553259 0.999983 -0.00206795 -1.24744 0.00722893 0.00202793 0.999972 66.2652 
0.999979 -0.00214826 -0.00603965 -0.427224 0.00212962 0.999993 -0.00309178 -1.27067 0.00604625 0.00307885 0.999977 67.6788 
0.999986 0.000282584 -0.00526124 -0.488635 -0.00029121 0.999999 -0.00163875 -1.28897 0.00526077 0.00164026 0.999985 69.0904 
0.999986 0.00361435 -0.00381834 -0.500511 -0.00361686 0.999993 -0.00064963 -1.31636 0.00381597 0.000663432 0.999992 70.5044 
0.99997 0.00703607 -0.00311935 -0.519371 -0.00703876 0.999975 -0.000852147 -1.32323 0.00311328 0.000874078 0.999995 71.9142 
0.999937 0.0109594 -0.00254019 -0.531357 -0.0109635 0.999939 -0.00160806 -1.32296 0.00252241 0.00163581 0.999995 73.3144 
0.999903 0.0137626 -0.00209614 -0.551357 -0.0137661 0.999904 -0.00170905 -1.35908 0.00207241 0.00173774 0.999996 74.7165 
0.999877 0.0156516 -0.00119797 -0.559706 -0.0156535 0.999876 -0.00166473 -1.40252 0.00117176 0.00168328 0.999998 76.118 
0.999877 0.0156071 -0.0012466 -0.551547 -0.0156089 0.999877 -0.00138843 -1.42688 0.00122477 0.00140771 0.999998 77.5142 
0.999892 0.0146226 -0.00146599 -0.545619 -0.0146253 0.999891 -0.00185368 -1.44535 0.00143872 0.00187492 0.999997 78.9084 
0.999897 0.0142556 -0.0017165 -0.539131 -0.0142609 0.999893 -0.003117 -1.45784 0.00167188 0.00314115 0.999994 80.299 
0.999895 0.014324 -0.00214932 -0.536992 -0.0143312 0.999892 -0.00333676 -1.47737 0.00210129 0.00336721 0.999992 81.6845 
0.999905 0.0135176 -0.00279377 -0.535419 -0.0135244 0.999906 -0.00244107 -1.53755 0.00276051 0.00247862 0.999993 83.0696 
0.999908 0.013334 -0.00247729 -0.590825 -0.0133398 0.999908 -0.00235494 -1.58733 0.00244566 0.00238777 0.999994 84.4542 
0.999903 0.0132317 -0.00432468 -0.553933 -0.0132403 0.99991 -0.00196547 -1.6251 0.00429829 0.00202254 0.999989 85.8353 
0.999886 0.0139145 -0.00594289 -0.521657 -0.0139249 0.999902 -0.00172203 -1.66031 0.00591834 0.00180458 0.999981 87.2193 
0.999921 0.0107324 -0.00651778 -0.564684 -0.0107354 0.999942 -0.000425039 -1.68649 0.00651285 0.000494977 0.999979 88.5975 
0.999927 0.00830833 -0.00873338 -0.55501 -0.00830083 0.999965 0.000895268 -1.73456 0.00874051 -0.000822709 0.999961 89.9741 
0.999905 0.00718107 -0.0117734 -0.473368 -0.00717061 0.999974 0.00093045 -1.78153 0.0117797 -0.00084594 0.99993 91.3399 
0.99991 0.00595642 -0.0120333 -0.498991 -0.00595203 0.999982 0.000400467 -1.80614 0.0120354 -0.000328809 0.999928 92.7057 
0.999894 0.00404788 -0.0140159 -0.491522 -0.00403173 0.999991 0.00118088 -1.84815 0.0140205 -0.00112425 0.999901 94.0674 
0.999894 0.00464129 -0.0137848 -0.517808 -0.00463093 0.999989 0.000783361 -1.8801 0.0137883 -0.000719442 0.999905 95.4245 
0.999906 0.00540744 -0.0125665 -0.54703 -0.00540206 0.999985 0.000461809 -1.93523 0.0125688 -0.000393881 0.999921 96.7764 
0.9999 0.00667725 -0.0124474 -0.577724 -0.00668058 0.999978 -0.000225383 -1.9698 0.0124456 0.000308516 0.999923 98.1276 
0.999892 0.00810909 -0.012293 -0.590336 -0.00811316 0.999967 -0.000281519 -1.98831 0.0122903 0.000381223 0.999924 99.4774 
0.999888 0.00888688 -0.0120028 -0.617332 -0.00887554 0.99996 0.000997609 -2.00427 0.0120112 -0.000890966 0.999927 100.822 
0.999885 0.00973791 -0.0115977 -0.657366 -0.00971495 0.999951 0.0020341 -2.0175 0.0116169 -0.00192119 0.999931 102.167 
0.999896 0.00940627 -0.0109219 -0.694493 -0.00940316 0.999956 0.000336203 -2.03481 0.0109245 -0.000233468 0.99994 103.507 
0.999911 0.00946451 -0.00941839 -0.726396 -0.00948335 0.999953 -0.00195716 -2.05728 0.00939942 0.00204631 0.999954 104.846 
0.999934 0.00821356 -0.00806695 -0.756721 -0.00823324 0.999963 -0.00240906 -2.08176 0.00804687 0.00247532 0.999965 106.182 
0.999946 0.00613573 -0.00843122 -0.771821 -0.00614955 0.99998 -0.00161461 -2.09273 0.00842114 0.00166637 0.999963 107.526 
0.999971 0.00301228 -0.00697204 -0.820242 -0.00300726 0.999995 0.000730279 -2.12115 0.00697421 -0.000709291 0.999975 108.866 
0.999987 0.00103898 -0.00508409 -0.873696 -0.0010321 0.999999 0.00135521 -2.14047 0.00508549 -0.00134994 0.999986 110.204 
0.999989 0.00120622 -0.00447017 -0.880238 -0.00120849 0.999999 -0.000506212 -2.16594 0.00446955 0.000511609 0.99999 111.536 
0.999987 0.00347993 -0.00379803 -0.891507 -0.00349102 0.99999 -0.00291816 -2.19533 0.00378784 0.00293138 0.999989 112.864 
0.999975 0.00575169 -0.0040142 -0.869907 -0.00577497 0.999966 -0.00581107 -2.19804 0.00398064 0.00583411 0.999975 114.188 
0.999961 0.00756958 -0.00460317 -0.892569 -0.00759206 0.999959 -0.00488719 -2.241 0.00456598 0.00492195 0.999977 115.519 
0.999964 0.00799082 -0.00300283 -0.902163 -0.00800105 0.999962 -0.00341119 -2.27003 0.00297546 0.0034351 0.99999 116.851 
0.999964 0.00827361 -0.00181076 -0.909314 -0.00827576 0.999965 -0.00118204 -2.29571 0.00180092 0.00119698 0.999998 118.186 
0.999982 0.00561516 -0.00206579 -0.90345 -0.00561632 0.999984 -0.000556553 -2.31667 0.00206263 0.000568146 0.999998 119.52 
0.999979 0.00643533 -0.00024688 -0.940903 -0.00643587 0.999977 -0.00227049 -2.3142 0.000232263 0.00227203 0.999997 120.862 
0.999972 0.00751542 0.000436725 -0.942425 -0.00751398 0.999967 -0.0032185 -2.31066 -0.000460899 0.00321513 0.999995 122.227 
0.999972 0.00747487 -0.000500669 -0.903076 -0.00747694 0.999963 -0.00425957 -2.31988 0.000468811 0.00426319 0.999991 123.582 
0.999977 0.00682574 0.000128725 -0.885822 -0.00682492 0.999961 -0.00555916 -2.34107 -0.000166665 0.00555815 0.999985 124.942 
0.999972 0.00742307 0.000882683 -0.902666 -0.00741708 0.999951 -0.00661462 -2.35634 -0.00093174 0.00660789 0.999978 126.295 
0.99999 0.00419696 0.00164164 -0.910866 -0.00418662 0.999972 -0.00625253 -2.40452 -0.00166783 0.0062456 0.999979 127.65 
0.999996 0.00236016 0.00151451 -0.965885 -0.00235093 0.999979 -0.006067 -2.38411 -0.0015288 0.00606342 0.99998 129.007 
0.999997 -0.000780191 0.00229155 -0.968352 0.000793131 0.999984 -0.00565142 -2.4063 -0.00228711 0.00565322 0.999981 130.364 
0.999995 -0.00219429 0.00242627 -0.976557 0.00220681 0.999984 -0.00516882 -2.43889 -0.00241489 0.00517414 0.999984 131.713 
0.999985 -0.00516699 0.00204526 -0.952515 0.00517688 0.999975 -0.00486151 -2.48559 -0.00202009 0.00487202 0.999986 133.066 
0.999979 -0.00636549 0.00142834 -0.935584 0.0063716 0.99997 -0.00431199 -2.5189 -0.00140085 0.004321 0.99999 134.418 
0.99996 -0.00895237 0.000460194 -0.918312 0.00895425 0.999951 -0.00426555 -2.55 -0.000421984 0.0042695 0.999991 135.771 
0.999957 -0.00875428 -0.0029385 -0.824288 0.008742 0.999953 -0.00416548 -2.60136 0.00297483 0.00413961 0.999987 137.113 
0.999944 -0.00989239 -0.00376645 -0.857299 0.00988381 0.999949 -0.0022885 -2.65337 0.0037889 0.00225114 0.99999 138.464 
0.999925 -0.0114109 -0.00440667 -0.879637 0.0114013 0.999933 -0.0021894 -2.68399 0.00443136 0.00213899 0.999988 139.814 
0.999904 -0.0124225 -0.00615992 -0.867737 0.0124088 0.99992 -0.00224829 -2.70758 0.00618736 0.00217164 0.999979 141.164 
0.999873 -0.0138388 -0.00792333 -0.851341 0.0138185 0.999901 -0.00260668 -2.74153 0.00795862 0.00249686 0.999965 142.513 
0.999865 -0.0135405 -0.00932444 -0.846987 0.0135124 0.999904 -0.00306341 -2.77051 0.00936502 0.002937 0.999952 143.861 
0.999821 -0.0161509 -0.00989057 -0.839614 0.0160983 0.999856 -0.00538278 -2.78147 0.00997608 0.0052226 0.999937 145.209 
0.999709 -0.0211726 -0.0115412 -0.831083 0.0211062 0.99976 -0.00584297 -2.8135 0.0116621 0.00559768 0.999916 146.552 
0.999503 -0.0289381 -0.0125435 -0.829155 0.0288935 0.999576 -0.00371927 -2.83157 0.0126458 0.003355 0.999914 147.905 
0.999194 -0.036899 -0.0158231 -0.823587 0.0368637 0.999317 -0.00251402 -2.84006 0.015905 0.00192869 0.999872 149.255 
0.999059 -0.039948 -0.0168798 -0.836684 0.0398548 0.999189 -0.00582205 -2.87136 0.0170987 0.00514383 0.999841 150.6 
0.999115 -0.0381638 -0.01769 -0.843953 0.0379915 0.999228 -0.00997182 -2.87704 0.0180569 0.00929093 0.999794 151.944 
0.999258 -0.0344055 -0.0173401 -0.844715 0.0342022 0.999344 -0.0118891 -2.92954 0.0177378 0.0112872 0.999779 153.289 
0.999248 -0.0347513 -0.0171879 -0.832288 0.0345533 0.999335 -0.0116843 -2.97687 0.0175825 0.0110816 0.999784 154.635 
0.999233 -0.0349656 -0.0176511 -0.799856 0.0347903 0.999343 -0.0101451 -2.96709 0.0179942 0.00952322 0.999793 155.984 
0.99903 -0.0398603 -0.0187012 -0.791312 0.0397219 0.999181 -0.0077173 -3.00162 0.0189935 0.00696697 0.999795 157.333 
0.99881 -0.0443541 -0.0202686 -0.777486 0.0442453 0.999004 -0.00578734 -3.05293 0.0205051 0.00488366 0.999778 158.682 
0.998742 -0.044857 -0.0224162 -0.769186 0.0447037 0.998974 -0.00729368 -3.05494 0.0227204 0.00628242 0.999722 160.029 
0.998873 -0.0427779 -0.020553 -0.829185 0.0426679 0.999073 -0.00575877 -3.10026 0.0207803 0.00487533 0.999772 161.377 
0.999062 -0.0381318 -0.0205344 -0.833231 0.0379888 0.999251 -0.00731041 -3.1204 0.0207978 0.00652348 0.999762 162.727 
0.999211 -0.0344198 -0.0198324 -0.85687 0.0342318 0.999366 -0.00974354 -3.15137 0.0201552 0.00905695 0.999756 164.077 
0.999346 -0.0305243 -0.0193683 -0.871612 0.0303234 0.999484 -0.010585 -3.19731 0.0196814 0.00999075 0.999756 165.428 
0.999398 -0.0298138 -0.0177209 -0.967431 0.0296456 0.999514 -0.00968126 -3.20663 0.0180009 0.00915009 0.999796 166.783 
0.999496 -0.0261068 -0.0180367 -0.996312 0.0259193 0.999608 -0.010555 -3.23805 0.0183052 0.0100822 0.999782 168.144 
0.999513 -0.0245068 -0.0193154 -0.9929 0.0242602 0.999622 -0.0128989 -3.30466 0.0196243 0.012424 0.99973 169.502 
0.999599 -0.0199063 -0.0201362 -1.02804 0.0195875 0.999682 -0.0159063 -3.33727 0.0204464 0.0155055 0.999671 170.862 
0.999698 -0.013647 -0.0204578 -1.04694 0.0132921 0.99976 -0.0173875 -3.39611 0.0206901 0.0171103 0.99964 172.225 
0.999748 -0.0097625 -0.0201915 -1.13506 0.00942244 0.999813 -0.0168688 -3.41288 0.0203524 0.0166743 0.999654 173.591 
0.999769 -0.0096854 -0.0191665 -1.20916 0.00940739 0.99985 -0.0145427 -3.42505 0.0193044 0.0143591 0.999711 174.966 
0.999763 -0.0111977 -0.0186571 -1.2611 0.010983 0.999873 -0.0115695 -3.44761 0.0187842 0.0113618 0.999759 176.344 
0.999722 -0.0136697 -0.0192044 -1.29493 0.0134656 0.999852 -0.0107194 -3.49772 0.0193481 0.0104578 0.999758 177.72 
0.99963 -0.017392 -0.0209032 -1.32724 0.0171795 0.999799 -0.0103025 -3.54955 0.0210782 0.00993953 0.999728 179.094 
0.999571 -0.0181289 -0.0230059 -1.35391 0.0178097 0.999743 -0.0140031 -3.60417 0.0232538 0.0135874 0.999637 180.474 
0.999578 -0.0149323 -0.0249192 -1.40114 0.0144689 0.999721 -0.0186728 -3.63512 0.0251911 0.0183044 0.999515 181.852 
0.999675 -0.00851006 -0.0240137 -1.48903 0.00804039 0.999776 -0.019588 -3.70399 0.024175 0.0193885 0.99952 183.237 
0.999694 -0.00470307 -0.0242778 -1.51338 0.00425484 0.99982 -0.0184816 -3.7537 0.0243603 0.0183726 0.999534 184.63 
0.999699 -0.00348592 -0.0242989 -1.55262 0.00311163 0.999876 -0.0154244 -3.76469 0.0243497 0.0153441 0.999586 186.025 
0.999702 -0.00320051 -0.0242044 -1.59792 0.00287767 0.999907 -0.013361 -3.80582 0.0242449 0.0132874 0.999618 187.423 
0.999704 -0.00388968 -0.0239972 -1.65262 0.00359343 0.999917 -0.0123758 -3.8472 0.0240433 0.012286 0.999635 188.823 
0.999722 -0.00537031 -0.0229567 -1.70452 0.00510151 0.999918 -0.0117519 -3.87223 0.023018 0.0116315 0.999667 190.227 
0.999691 -0.00753174 -0.023704 -1.70949 0.00725984 0.999907 -0.0115361 -3.90955 0.0237887 0.0113604 0.999652 191.635 
0.999695 -0.0095637 -0.0227807 -1.77732 0.00931831 0.999898 -0.0108534 -3.96665 0.0228821 0.0106378 0.999682 193.041 
0.999727 -0.0108594 -0.0206936 -1.82229 0.0106272 0.99988 -0.0112969 -3.97472 0.0208138 0.0110738 0.999722 194.459 
0.999659 -0.0155934 -0.0209323 -1.82604 0.0153945 0.999835 -0.00963038 -4.02609 0.021079 0.00930485 0.999735 195.878 
0.999614 -0.0195981 -0.019707 -1.84166 0.0194245 0.999771 -0.00896019 -4.06564 0.0198781 0.00857393 0.999766 197.299 
0.999666 -0.0172473 -0.019226 -1.87853 0.0169927 0.999767 -0.0133287 -4.10496 0.0194514 0.0129976 0.999726 198.719 
0.999767 -0.0102928 -0.0189719 -1.93516 0.00994922 0.999786 -0.0181152 -4.15609 0.0191543 0.0179223 0.999656 200.141 
0.999835 -0.00128809 -0.0180967 -1.94542 0.000969662 0.999845 -0.0175937 -4.21978 0.0181166 0.0175733 0.999681 201.574 
0.999812 0.00705281 -0.0180497 -1.96945 -0.00730335 0.999877 -0.0138521 -4.28348 0.0179498 0.0139814 0.999741 203.01 
0.999827 0.00788955 -0.0168488 -2.02022 -0.008086 0.9999 -0.0116234 -4.323 0.0167554 0.0117577 0.99979 204.447 
0.999828 0.00670946 -0.0173095 -2.03204 -0.00690382 0.999914 -0.0111933 -4.36905 0.0172329 0.0113109 0.999788 205.884 
0.999843 0.00337495 -0.0173854 -2.06095 -0.00356719 0.999933 -0.0110389 -4.40586 0.017347 0.0110992 0.999788 207.331 
0.99984 0.00193264 -0.0177622 -2.10446 -0.00214337 0.999927 -0.0118524 -4.4411 0.017738 0.0118885 0.999772 208.78 
0.999827 0.00129643 -0.018532 -2.13744 -0.0015133 0.99993 -0.0116929 -4.50263 0.0185156 0.0117189 0.99976 210.234 
0.999818 0.00247974 -0.0188925 -2.18279 -0.00269884 0.999929 -0.0115809 -4.5419 0.0188624 0.0116298 0.999754 211.695 
0.999813 0.00412289 -0.0189141 -2.22304 -0.00432398 0.999934 -0.0106028 -4.5904 0.0188691 0.0106826 0.999765 213.154 
0.999828 0.00352246 -0.0181857 -2.28828 -0.00372851 0.999929 -0.0113087 -4.6277 0.0181446 0.0113745 0.999771 214.622 
0.999827 0.00228295 -0.0184384 -2.32567 -0.00251311 0.999919 -0.0124692 -4.66465 0.0184085 0.0125134 0.999752 216.093 
0.999823 0.00229764 -0.0186993 -2.36526 -0.00255017 0.999906 -0.0134922 -4.69009 0.0186666 0.0135375 0.999734 217.568 
0.999813 0.00225838 -0.019214 -2.39102 -0.0025139 0.999909 -0.0132851 -4.73834 0.0191823 0.013331 0.999727 219.047 
0.999805 0.00324385 -0.0194982 -2.40548 -0.00351369 0.999898 -0.0138209 -4.77388 0.0194514 0.0138867 0.999714 220.525 
0.999786 0.00341255 -0.0203823 -2.39401 -0.00368793 0.999902 -0.0134886 -4.8394 0.0203342 0.0135609 0.999701 222.01 
0.999811 0.00514213 -0.0187682 -2.48131 -0.00540625 0.999887 -0.014049 -4.87769 0.0186938 0.0141478 0.999725 223.491 
0.999812 0.00465512 -0.0188417 -2.53577 -0.00492027 0.999889 -0.0140507 -4.92494 0.0187742 0.0141408 0.999724 224.979 
0.999826 0.00512511 -0.0179446 -2.59599 -0.0053818 0.999883 -0.0142854 -4.95879 0.0178693 0.0143795 0.999737 226.468 
0.999834 0.00407317 -0.0177744 -2.63575 -0.00432306 0.999892 -0.0140434 -5.00661 0.0177153 0.014118 0.999743 227.958 
0.999834 0.00350121 -0.0178575 -2.64322 -0.00375722 0.99989 -0.0143228 -5.05423 0.0178054 0.0143875 0.999738 229.448 
0.999822 0.00180362 -0.0187657 -2.65882 -0.0020628 0.999903 -0.0138013 -5.10978 0.018739 0.0138376 0.999729 230.942 
0.999825 0.000273206 -0.0186991 -2.69265 -0.000519603 0.999913 -0.0131734 -5.15263 0.0186939 0.0131808 0.999738 232.438 
0.999818 0.000398744 -0.0190672 -2.71893 -0.000651633 0.999912 -0.0132587 -5.18836 0.0190602 0.0132687 0.99973 233.933 
0.999833 0.000941014 -0.018228 -2.78144 -0.00117648 0.999916 -0.0129116 -5.26098 0.0182143 0.0129309 0.99975 235.431 
0.999841 0.000665669 -0.0178436 -2.84405 -0.000879844 0.999928 -0.0119977 -5.34003 0.0178344 0.0120115 0.999769 236.934 
0.999849 0.00160127 -0.0173281 -2.88724 -0.00179742 0.999934 -0.0113103 -5.38089 0.0173088 0.0113397 0.999786 238.438 
0.999868 0.00244504 -0.0160865 -2.97574 -0.00261098 0.999944 -0.0103028 -5.4032 0.0160604 0.0103434 0.999818 239.946 
0.999879 0.00195544 -0.0154163 -3.02599 -0.00210717 0.999949 -0.00983213 -5.44365 0.0153963 0.00986342 0.999833 241.456 
0.999891 0.00234109 -0.0146077 -3.0634 -0.00250566 0.999933 -0.0112577 -5.49215 0.0145803 0.0112931 0.99983 242.971 
0.999876 0.00243429 -0.0155536 -3.06316 -0.00263455 0.999914 -0.012868 -5.52168 0.015521 0.0129074 0.999796 244.486 
0.999859 0.0027694 -0.0165677 -3.04652 -0.00298466 0.999911 -0.0129821 -5.55593 0.0165303 0.0130297 0.999778 246.007 
0.99985 0.00400541 -0.0168772 -3.04565 -0.00420939 0.999918 -0.0120678 -5.61744 0.0168275 0.012137 0.999785 247.531 
0.999851 0.00300187 -0.0169817 -3.09447 -0.00319565 0.99993 -0.0113955 -5.6624 0.0169463 0.0114481 0.999791 249.05 
0.999838 0.00444654 -0.0174628 -3.10982 -0.00465025 0.999921 -0.0116419 -5.71344 0.0174096 0.0117212 0.99978 250.578 
0.999813 0.00628545 -0.0183146 -3.11753 -0.0065026 0.999909 -0.011821 -5.75246 0.0182387 0.0119379 0.999762 252.105 
0.999809 0.00675145 -0.0183346 -3.1692 -0.00697732 0.9999 -0.0122834 -5.77291 0.0182499 0.0124089 0.999756 253.637 
0.999797 0.00714185 -0.0188137 -3.18198 -0.00736815 0.999901 -0.011987 -5.82719 0.0187263 0.0121232 0.999751 255.168 
0.999813 0.00485564 -0.018741 -3.22925 -0.00508009 0.999916 -0.0119474 -5.85859 0.0186814 0.0120403 0.999753 256.701 
0.999799 0.00270966 -0.0198624 -3.24845 -0.00293508 0.999932 -0.0113286 -5.90073 0.0198304 0.0113846 0.999739 258.239 
0.999805 0.00168522 -0.0196758 -3.26623 -0.00190367 0.999937 -0.0110888 -5.93731 0.0196559 0.0111241 0.999745 259.778 
0.999802 0.00031979 -0.0198756 -3.3029 -0.000562011 0.999926 -0.0121825 -5.96623 0.0198703 0.0121912 0.999728 261.312 
0.999779 -0.00112601 -0.0209745 -3.33115 0.000838861 0.999906 -0.013694 -5.99352 0.0209879 0.0136734 0.999686 262.85 
0.9998 -0.00236125 -0.0198376 -3.3543 0.00213228 0.999931 -0.0115552 -6.03892 0.0198635 0.0115106 0.999736 264.388 
0.999815 -0.00407587 -0.0188209 -3.402 0.00389316 0.999945 -0.00973448 -6.07963 0.0188595 0.0096594 0.999775 265.932 
0.999796 -0.00584145 -0.019348 -3.43291 0.00560094 0.999907 -0.0124616 -6.06766 0.019419 0.0123507 0.999735 267.474 
0.999825 -0.00405559 -0.0182891 -3.42852 0.00381232 0.999904 -0.013317 -6.12958 0.0183414 0.0132449 0.999744 269.012 
0.999835 -0.00399307 -0.0177233 -3.47521 0.00376211 0.999908 -0.0130456 -6.18229 0.0177738 0.0129768 0.999758 270.551 
0.999849 -0.00347845 -0.0170492 -3.50198 0.00326044 0.999913 -0.0127983 -6.24405 0.0170923 0.0127407 0.999773 272.091 
0.999863 -0.00166321 -0.0164631 -3.54141 0.00144376 0.99991 -0.0133326 -6.28612 0.0164838 0.013307 0.999776 273.637 
0.999884 -0.00069952 -0.0152081 -3.57735 0.000492164 0.999907 -0.013634 -6.32683 0.0152163 0.0136249 0.999791 275.179 
0.999897 0.00112664 -0.0142909 -3.5877 -0.00131995 0.999908 -0.0135248 -6.4102 0.0142743 0.0135422 0.999806 276.724 
0.999885 -0.00263527 -0.014945 -3.67969 0.0023948 0.999868 -0.0160851 -6.39569 0.0149854 0.0160474 0.999759 278.263 
0.999902 -0.00260924 -0.0137901 -3.70137 0.00237933 0.999858 -0.0166624 -6.43743 0.0138316 0.016628 0.999766 279.813 
0.999911 -0.00158407 -0.0132282 -3.68029 0.00136733 0.999865 -0.0163781 -6.50696 0.0132523 0.0163585 0.999778 281.363 
0.999922 -0.00226659 -0.0122448 -3.70151 0.00207848 0.99988 -0.0153534 -6.5651 0.0122781 0.0153268 0.999807 282.916 
0.999916 -0.00357439 -0.0124345 -3.72586 0.00338269 0.999876 -0.0154037 -6.60734 0.012488 0.0153604 0.999804 284.466 
0.999923 -0.00275288 -0.0120844 -3.75123 0.00253036 0.999828 -0.0183904 -6.64865 0.0121329 0.0183584 0.999758 286.011 
0.99992 -0.0053953 -0.0114543 -3.77453 0.00516406 0.999784 -0.0201224 -6.7078 0.0115604 0.0200616 0.999732 287.565 
0.999925 -0.00468022 -0.0112899 -3.82868 0.00445237 0.999788 -0.0201228 -6.77494 0.0113817 0.0200711 0.999734 289.117 
0.999904 -0.00605859 -0.0124943 -3.87683 0.00580894 0.999785 -0.0199213 -6.83837 0.0126124 0.0198468 0.999723 290.672 
0.999885 -0.0060608 -0.013889 -3.88658 0.00577716 0.999776 -0.0203721 -6.91695 0.0140094 0.0202896 0.999696 292.229 
0.999855 -0.00775721 -0.0151293 -3.94637 0.00743375 0.999745 -0.02132 -6.93876 0.0152908 0.0212044 0.999658 293.791 
0.999837 -0.00858367 -0.0158817 -3.98958 0.00825245 0.999749 -0.020805 -6.98082 0.0160563 0.0206705 0.999657 295.359 
0.99982 -0.00854162 -0.0169531 -4.00509 0.00819188 0.999754 -0.020593 -7.04061 0.0171249 0.0204504 0.999644 296.93 
0.999813 -0.00890697 -0.017178 -4.13305 0.00857284 0.999775 -0.0194272 -7.11044 0.0173472 0.0192763 0.999664 298.502 
0.999803 -0.00784285 -0.0182297 -4.15652 0.00751498 0.99981 -0.0179848 -7.18035 0.0183673 0.0178443 0.999672 300.087 
0.99981 -0.00785567 -0.0178124 -4.22693 0.0075563 0.99983 -0.0168123 -7.25581 0.0179415 0.0166745 0.9997 301.668 
0.999815 -0.008094 -0.0174383 -4.27362 0.00779251 0.99982 -0.017288 -7.30804 0.0175751 0.0171489 0.999698 303.259 
0.999825 -0.0102403 -0.0156616 -4.42313 0.00997248 0.999804 -0.0170849 -7.37107 0.0158335 0.0169257 0.999731 304.847 
0.99983 -0.0107086 -0.0149874 -4.45799 0.010435 0.99978 -0.0182129 -7.43489 0.0151791 0.0180534 0.999722 306.445 
0.999839 -0.0117733 -0.0135644 -4.50129 0.0114992 0.999732 -0.0201129 -7.47831 0.0137976 0.0199537 0.999706 308.048 
0.999833 -0.012401 -0.013393 -4.55385 0.0121198 0.999709 -0.0208771 -7.55015 0.013648 0.0207113 0.999692 309.653 
0.99985 -0.0104961 -0.0137883 -4.70734 0.0101913 0.999706 -0.0219953 -7.59005 0.0140151 0.0218515 0.999663 311.26 
0.999817 -0.0102512 -0.0161366 -4.72831 0.00991379 0.999733 -0.0208508 -7.66782 0.0163461 0.020687 0.999652 312.87 
0.999774 -0.0113425 -0.0179792 -4.72988 0.011043 0.9998 -0.0166715 -7.75143 0.0181647 0.0164691 0.999699 314.492 
0.999768 -0.0138451 -0.0165304 -4.79784 0.0136157 0.999811 -0.0139132 -7.80667 0.0167199 0.0136849 0.999767 316.117 
0.999754 -0.0150074 -0.016344 -4.8497 0.0147966 0.999807 -0.0129416 -7.85456 0.0165351 0.0126966 0.999783 317.745 
0.999745 -0.0157356 -0.0162143 -4.87388 0.0155069 0.99978 -0.0141309 -7.90898 0.0164331 0.0138759 0.999769 319.373 
0.999719 -0.0167376 -0.0167962 -4.86137 0.0164971 0.999761 -0.0143598 -7.95714 0.0170326 0.0140786 0.999756 321.002 
0.999697 -0.0184201 -0.016306 -4.90319 0.018207 0.999748 -0.0131214 -8.05025 0.0165436 0.0128206 0.999781 322.631 
0.999709 -0.0177386 -0.0163367 -4.95882 0.0175197 0.999756 -0.013448 -8.09117 0.0165713 0.0131579 0.999776 324.256 
0.999743 -0.016083 -0.0159742 -4.98934 0.0158572 0.999774 -0.0141637 -8.15478 0.0161984 0.0139067 0.999772 325.884 
0.999757 -0.0167468 -0.0143387 -5.02943 0.0165575 0.999776 -0.013215 -8.2205 0.0145568 0.0129744 0.99981 327.512 
0.999733 -0.018435 -0.0139114 -5.04579 0.0182769 0.999768 -0.0114087 -8.27536 0.0141185 0.0111514 0.999838 329.138 
0.999712 -0.019339 -0.0141753 -5.06294 0.0191934 0.999762 -0.01034 -8.34504 0.0143719 0.010065 0.999846 330.763 
0.999697 -0.0202556 -0.0140047 -5.10226 0.0200916 0.999729 -0.0117549 -8.38333 0.014239 0.0114699 0.999833 332.381 
0.999705 -0.0199026 -0.0139199 -5.12462 0.0197487 0.999743 -0.0111124 -8.43699 0.0141375 0.0108342 0.999841 334.001 
0.999723 -0.0184621 -0.0145838 -5.14422 0.0182701 0.999746 -0.0131866 -8.47332 0.0148235 0.0129165 0.999807 335.614 
0.999737 -0.0172132 -0.0151251 -5.16328 0.0169796 0.999737 -0.0154392 -8.53424 0.0153868 0.0151783 0.999766 337.22 
0.999734 -0.0166417 -0.0159384 -5.2022 0.0164019 0.999752 -0.0150598 -8.57364 0.0161851 0.0147944 0.99976 338.831 
0.999748 -0.0144293 -0.0171931 -5.25939 0.0142168 0.999822 -0.0124176 -8.62435 0.0173692 0.01217 0.999775 340.437 
0.999753 -0.0124827 -0.0183842 -5.29971 0.0123032 0.999876 -0.00984812 -8.671 0.0185049 0.00961951 0.999782 342.054 
0.999733 -0.0122075 -0.0196385 -5.33256 0.0119908 0.999866 -0.0111168 -8.7279 0.0197715 0.0108783 0.999745 343.659 
0.999714 -0.0128222 -0.0201646 -5.40189 0.0125761 0.999845 -0.0122838 -8.77805 0.020319 0.0120267 0.999721 345.257 
0.999659 -0.0139549 -0.0220587 -5.42574 0.0137044 0.99984 -0.0114688 -8.81472 0.0222152 0.0111626 0.999691 346.86 
0.999638 -0.013562 -0.0232579 -5.4107 0.0133072 0.99985 -0.0110716 -8.87619 0.0234046 0.0107581 0.999668 348.458 
0.999577 -0.0139562 -0.0255113 -5.42185 0.0136404 0.999829 -0.012508 -8.90371 0.0256815 0.0121547 0.999596 350.056 
0.999567 -0.0147088 -0.0254672 -5.4914 0.0143762 0.99981 -0.0131947 -8.9604 0.0256564 0.0128229 0.999589 351.649 
0.999554 -0.014904 -0.0258633 -5.52689 0.0145568 0.999802 -0.0135601 -9.00232 0.0260602 0.0131776 0.999574 353.247 
0.99947 -0.0155152 -0.0286118 -5.50251 0.015104 0.99978 -0.0145324 -9.02428 0.028831 0.0140926 0.999485 354.839 
0.999444 -0.0166889 -0.0288478 -5.51984 0.0162738 0.999761 -0.0145644 -9.07665 0.029084 0.0140868 0.999478 356.431 
0.999406 -0.0165 -0.0302652 -5.54862 0.0160033 0.999734 -0.0165811 -9.10387 0.0305308 0.0160869 0.999404 358.022 
0.999349 -0.0174904 -0.0315586 -5.56752 0.0169895 0.999726 -0.0160732 -9.16773 0.0318311 0.0155265 0.999373 359.612 
0.99935 -0.0165574 -0.032019 -5.61357 0.0160106 0.999723 -0.0172569 -9.21877 0.0322959 0.0167331 0.999338 361.202 
0.999379 -0.0179391 -0.0303266 -5.69141 0.0174123 0.999694 -0.0175449 -9.30033 0.0306321 0.017006 0.999386 362.784 
0.999345 -0.0195758 -0.0304432 -5.7512 0.019099 0.999692 -0.0158733 -9.35413 0.0307445 0.0152815 0.99941 364.38 
0.99931 -0.0210525 -0.0305871 -5.79752 0.0205982 0.999674 -0.0150912 -9.40599 0.0308949 0.0144507 0.999418 365.976 
0.999189 -0.024374 -0.0320611 -5.80333 0.0239015 0.999601 -0.0150385 -9.46914 0.0324149 0.01426 0.999373 367.573 
0.999195 -0.0237657 -0.0323095 -5.85403 0.0232801 0.999612 -0.0153236 -9.52963 0.0326611 0.0145591 0.99936 369.177 
0.999179 -0.023012 -0.0333433 -5.90601 0.0225285 0.999637 -0.0148029 -9.5751 0.0336718 0.0140396 0.999334 370.765 
0.999232 -0.0215911 -0.032712 -5.98389 0.021153 0.999683 -0.0136811 -9.63555 0.032997 0.0129786 0.999371 372.402 
0.99925 -0.0220873 -0.0317932 -6.05371 0.0216772 0.999678 -0.013187 -9.69835 0.0320742 0.012488 0.999407 374.01 
0.999235 -0.0214915 -0.0326607 -6.08185 0.0210237 0.999672 -0.0145992 -9.73678 0.0329637 0.0139014 0.99936 375.566 
0.999266 -0.0206563 -0.0322589 -6.16748 0.0201843 0.999685 -0.0148903 -9.7841 0.0325564 0.0142283 0.999369 377.169 
0.999307 -0.019784 -0.0315255 -6.22046 0.0193225 0.999703 -0.0148771 -9.85094 0.0318104 0.0142576 0.999392 378.773 
0.999385 -0.0178472 -0.0301873 -6.29851 0.0174108 0.999741 -0.0146564 -9.90255 0.030441 0.0141218 0.999437 380.385 
0.999403 -0.0169614 -0.0301045 -6.33766 0.0165426 0.999764 -0.0141087 -9.94897 0.0303367 0.0136023 0.999447 381.997 
0.99945 -0.0155451 -0.029287 -6.39761 0.0151153 0.999776 -0.0148404 -10.0031 0.0295111 0.0143896 0.999461 383.616 
0.999422 -0.0142904 -0.0308331 -6.39517 0.0138075 0.99978 -0.0158197 -10.0414 0.0310523 0.0153848 0.999399 385.227 
0.999441 -0.0134519 -0.0305909 -6.46757 0.0129773 0.999793 -0.0156581 -10.1083 0.0307952 0.0152524 0.999409 386.841 
0.999505 -0.0125132 -0.028881 -6.53582 0.0120944 0.99982 -0.0146318 -10.162 0.0290589 0.0142752 0.999476 388.457 
0.999514 -0.0131471 -0.028253 -6.63357 0.0127538 0.99982 -0.0140558 -10.2084 0.0284327 0.0136887 0.999502 390.074 
0.999504 -0.0128923 -0.0287151 -6.68083 0.0124968 0.999825 -0.0139079 -10.2976 0.0288893 0.0135421 0.999491 391.701 
0.999527 -0.0112952 -0.0286105 -6.72163 0.0109175 0.999852 -0.0133247 -10.3771 0.0287567 0.013006 0.999502 393.321 
