1 0 0 0 0 1 0 0 0 0 1 0 
0.999999 0.000866959 0.0012686 0.00521144 -0.000866607 1 -0.000277958 -0.0280782 -0.00126884 0.000276858 0.999999 1.19907 
0.999996 0.00108331 0.00273233 0.00376611 -0.00108378 0.999999 0.000169579 -0.0468221 -0.00273214 -0.000172539 0.999996 2.38451 
0.999992 -0.000445203 0.00398792 0.00693995 0.000446032 1 -0.000206945 -0.059263 -0.00398783 0.000208722 0.999992 3.5763 
0.999986 -0.000575465 0.00516898 -0.00294728 0.000576909 1 -0.000277788 -0.0748969 -0.00516882 0.000280766 0.999987 4.76823 
0.999982 -0.00144172 0.00575319 -0.00162262 0.00144258 0.999999 -0.000146274 -0.0996878 -0.00575297 0.000154571 0.999983 5.96338 
0.999978 -0.00177127 0.00631804 -0.00788068 0.00177921 0.999998 -0.00125133 -0.116797 -0.00631581 0.00126254 0.999979 7.15414 
0.999968 -0.00185966 0.00781988 -0.00433862 0.00187158 0.999997 -0.00151791 -0.136452 -0.00781704 0.0015325 0.999968 8.34701 
0.999968 -0.00198788 0.00768854 0.0159178 0.00199 0.999998 -0.000267877 -0.151377 -0.007688 0.000283168 0.99997 9.53852 
0.999975 -0.00302923 0.00646001 0.0330152 0.0030283 0.999995 0.000154456 -0.160901 -0.00646045 -0.000134889 0.999979 10.7303 
0.999983 -0.00451555 0.00368516 0.0538755 0.00451727 0.99999 -0.000456218 -0.174909 -0.00368307 0.000472857 0.999993 11.922 
0.99999 -0.00429731 0.00134608 0.0600806 0.00429848 0.99999 -0.000867466 -0.195723 -0.00134234 0.000873243 0.999999 13.1143 
0.999992 -0.00389562 0.000363336 0.0412256 0.00389591 0.999992 -0.000800353 -0.223964 -0.000360215 0.000801762 1 14.3058 
0.999998 -0.00180917 -0.000463962 0.0501289 0.00180876 0.999998 -0.000867759 -0.249182 0.000465531 0.000866919 1 15.499 
0.999997 -0.00194557 -0.00127598 0.0411934 0.00194435 0.999998 -0.00096081 -0.272714 0.00127785 0.000958326 0.999999 16.6901 
0.99999 -0.00295666 -0.00323659 0.0650738 0.0029541 0.999995 -0.000796116 -0.284715 0.00323893 0.000786547 0.999994 17.8837 
0.99999 -0.00274915 -0.00351625 0.0697748 0.00274426 0.999995 -0.00139488 -0.29328 0.00352007 0.00138521 0.999993 19.0796 
0.999991 -0.00155057 -0.0038298 0.0601741 0.00154132 0.999996 -0.00241614 -0.311571 0.00383353 0.00241022 0.99999 20.2733 
0.999991 0.000140618 -0.00423509 0.0875656 -0.000153693 0.999995 -0.00308712 -0.325131 0.00423464 0.00308775 0.999986 21.4678 
0.999991 -0.00203559 -0.0037875 0.0280088 0.0020304 0.999997 -0.00137338 -0.380249 0.00379029 0.00136568 0.999992 22.6597 
0.999992 -0.0020671 -0.00355893 -0.0177831 0.00206156 0.999997 -0.00155917 -0.399072 0.00356214 0.00155182 0.999992 23.8532 
0.999988 -0.00180063 -0.00462016 0.00322137 0.00178584 0.999993 -0.00320443 -0.389252 0.0046259 0.00319614 0.999984 25.0474 
0.999984 -4.1943e-05 -0.00559539 0.012666 2.79423e-05 0.999997 -0.00250225 -0.410976 0.00559548 0.00250206 0.999981 26.2438 
0.999997 -0.000908692 -0.00235236 -0.0827099 0.000905878 0.999999 -0.00119705 -0.422616 0.00235344 0.00119491 0.999997 27.439 
0.99999 -0.00191975 -0.00410823 -0.0944921 0.00191513 0.999998 -0.00112868 -0.448046 0.00411039 0.0011208 0.999991 28.6345 
0.999985 -0.0017782 -0.00524674 -0.0881087 0.00176713 0.999996 -0.00211317 -0.465338 0.00525047 0.00210387 0.999984 29.826 
0.999984 -0.00195641 -0.00525922 -0.0935279 0.00193902 0.999993 -0.00330898 -0.492077 0.00526565 0.00329873 0.999981 31.0259 
0.999985 -0.00212459 -0.00512252 -0.100804 0.00210722 0.999992 -0.00339444 -0.514218 0.00512969 0.00338359 0.999981 32.2302 
0.999987 -0.00196664 -0.00464973 -0.0979743 0.00195245 0.999993 -0.00305555 -0.530053 0.00465571 0.00304643 0.999985 33.4189 
0.999979 -0.00224965 -0.0060851 -0.0727826 0.00223386 0.999994 -0.00259984 -0.549674 0.00609091 0.00258619 0.999978 34.6137 
0.999982 -0.00263427 -0.0054303 -0.107437 0.00262229 0.999994 -0.0022111 -0.586086 0.00543609 0.00219682 0.999983 35.8109 
0.999977 -0.00262329 -0.00631713 -0.108787 0.0026137 0.999995 -0.00152677 -0.624501 0.0063211 0.00151023 0.999979 37.0077 
0.999968 -0.00304328 -0.00733173 -0.10313 0.00303652 0.999995 -0.000933671 -0.650752 0.00733454 0.000911378 0.999973 38.2056 
0.999975 -0.00268548 -0.00659422 -0.151748 0.00269037 0.999996 0.000731691 -0.676575 0.00659223 -0.000749414 0.999978 39.4035 
0.999972 -0.0025838 -0.0070523 -0.168701 0.00259046 0.999996 0.000935569 -0.68891 0.00704985 -0.000953811 0.999975 40.6009 
0.999951 -0.00180961 -0.00971774 -0.104145 0.00182398 0.999997 0.00146965 -0.732846 0.00971505 -0.0014873 0.999952 41.7953 
0.999977 -0.0028484 -0.00620475 -0.202495 0.00285318 0.999996 0.000761319 -0.755949 0.00620256 -0.000779004 0.99998 42.9888 
0.999983 -1.92433e-05 -0.00583483 -0.213066 3.38252e-05 0.999997 0.00249904 -0.77503 0.00583476 -0.00249919 0.99998 44.189 
0.999995 -9.10399e-05 -0.00302143 -0.25538 0.000107734 0.999985 0.00552539 -0.785543 0.00302088 -0.00552569 0.99998 45.3887 
0.999999 8.30277e-05 -0.00171247 -0.272144 -6.79155e-05 0.999961 0.00882298 -0.817162 0.00171314 -0.00882285 0.99996 46.589 
0.999998 0.000432211 -0.0018843 -0.244286 -0.00040956 0.999928 0.0120051 -0.825998 0.00188936 -0.0120043 0.999926 47.7943 
0.999999 -0.00109717 -0.000543436 -0.24067 0.00110443 0.999908 0.0135479 -0.840809 0.000528522 -0.0135484 0.999908 48.9975 
0.999997 -0.00254665 -0.000135234 -0.21396 0.00254807 0.999928 0.0117436 -0.826613 0.000105317 -0.0117439 0.999931 50.1962 
0.999999 0.000235995 0.00136195 -0.212436 -0.000248519 0.999958 0.00920296 -0.815121 -0.00135972 -0.00920329 0.999957 51.3975 
0.999998 0.00166801 0.000779884 -0.158876 -0.0016747 0.999961 0.00866755 -0.832205 -0.000765396 -0.00866884 0.999962 52.5976 
0.999997 0.00145645 0.00203729 -0.180798 -0.0014731 0.999965 0.00819479 -0.840784 -0.00202528 -0.00819776 0.999964 53.803 
0.999995 0.000104294 0.00302769 -0.209609 -0.000127268 0.999971 0.00758863 -0.861556 -0.00302681 -0.00758898 0.999967 55.0067 
1 -0.000445525 0.000676706 -0.21186 0.000439826 0.999965 0.0083984 -0.883005 -0.000680424 -0.0083981 0.999965 56.2118 
0.999998 -0.0015182 -0.000962773 -0.203731 0.00152763 0.99995 0.0098721 -0.901584 0.000947737 -0.00987355 0.999951 57.4194 
0.999992 -0.00288102 -0.00291921 -0.190978 0.00291068 0.999944 0.0102093 -0.90323 0.00288963 -0.0102177 0.999944 58.6245 
0.99998 0.000488 -0.00623259 -0.118191 -0.000437756 0.999967 0.00806041 -0.870531 0.00623632 -0.00805752 0.999948 59.8282 
0.999981 -0.000599542 -0.00608049 -0.139159 0.000645201 0.999972 0.00750996 -0.882005 0.00607581 -0.00751374 0.999953 61.0318 
0.999956 -0.000477138 -0.00935625 -0.0803715 0.00052985 0.999984 0.0056323 -0.866676 0.00935342 -0.00563701 0.99994 62.2342 
0.999954 -0.00269383 -0.00921001 -0.0968764 0.0027367 0.999985 0.00464538 -0.882373 0.00919736 -0.00467037 0.999947 63.4361 
0.999931 -0.00230781 -0.0115214 -0.0947272 0.00236897 0.999983 0.00529741 -0.881827 0.011509 -0.00532434 0.99992 64.6366 
0.99992 -0.00238107 -0.0123984 -0.0888991 0.00246708 0.999973 0.00692689 -0.902082 0.0123816 -0.00695693 0.999899 65.8396 
0.999901 -0.00184205 -0.013923 -0.0694552 0.0019115 0.999986 0.00497662 -0.908671 0.0139136 -0.00500275 0.999891 67.037 
0.999917 0.000271731 -0.0128878 -0.117953 -0.000230901 0.999995 0.00316948 -0.9226 0.0128886 -0.00316624 0.999912 68.2298 
0.999906 0.00393005 -0.0131088 -0.117811 -0.00388127 0.999985 0.00374485 -0.941826 0.0131233 -0.00369362 0.999907 69.4243 
0.999825 0.00524428 -0.0179568 -0.0696325 -0.00516824 0.999977 0.00427833 -0.957805 0.0179788 -0.00418477 0.99983 70.6145 
0.999787 0.00663833 -0.0195418 -0.0875435 -0.00653925 0.999965 0.00512956 -0.981566 0.0195752 -0.00500067 0.999796 71.8044 
0.999821 0.00637688 -0.0177981 -0.124155 -0.00627757 0.999964 0.0056297 -0.991409 0.0178333 -0.00551697 0.999826 72.9904 
0.999808 0.0085025 -0.0176319 -0.174766 -0.00840056 0.999948 0.00584754 -1.00466 0.0176807 -0.0056983 0.999827 74.1749 
0.999769 0.00693903 -0.0203349 -0.171531 -0.00685565 0.999968 0.0041673 -1.03778 0.0203632 -0.00402692 0.999785 75.3527 
0.999834 0.00393013 -0.0177889 -0.196726 -0.00395098 0.999992 -0.00113702 -1.05046 0.0177843 0.00120712 0.999841 76.5278 
0.999892 0.00600227 -0.0134 -0.242465 -0.0060191 0.999981 -0.00121572 -1.07337 0.0133925 0.00129625 0.999909 77.7024 
0.999931 0.00487351 -0.0106932 -0.261635 -0.00484898 0.999986 0.00231897 -1.09169 0.0107043 -0.00226696 0.99994 78.8806 
0.999958 0.00534249 -0.00749304 -0.267983 -0.00531501 0.999979 0.00368343 -1.10874 0.00751256 -0.00364345 0.999965 80.0545 
0.999981 0.00545892 -0.00298603 -0.286383 -0.00545356 0.999984 0.00180179 -1.12528 0.00299582 -0.00178547 0.999994 81.2205 
0.99999 0.00437564 -0.000556994 -0.274088 -0.00437624 0.99999 -0.00108497 -1.15783 0.000552241 0.00108739 0.999999 82.3847 
0.999993 0.00321067 0.00202908 -0.265041 -0.00320157 0.999985 -0.00447147 -1.18537 -0.0020434 0.00446494 0.999988 83.5436 
0.999982 0.002282 0.00551323 -0.257722 -0.0022517 0.999982 -0.00549623 -1.2106 -0.00552567 0.00548372 0.99997 84.7031 
0.99996 0.00209504 0.00873456 -0.241071 -0.00206145 0.99999 -0.0038532 -1.23996 -0.00874255 0.00383504 0.999954 85.8625 
0.999918 0.00306898 0.0124165 -0.237611 -0.00302821 0.99999 -0.00330117 -1.27471 -0.0124265 0.0032633 0.999917 87.0166 
0.999866 0.00281005 0.0161035 -0.232207 -0.0027254 0.999982 -0.00527636 -1.30162 -0.0161181 0.00523176 0.999856 88.1695 
0.999814 0.00266489 0.0191026 -0.191168 -0.00251818 0.999967 -0.00769976 -1.32112 -0.0191225 0.00765022 0.999788 89.3188 
0.999744 0.00273577 0.022479 -0.178896 -0.00255728 0.999965 -0.00796516 -1.35436 -0.0225 0.00790563 0.999716 90.4692 
0.999663 0.00331125 0.0257428 -0.140906 -0.00313732 0.999972 -0.00679396 -1.36683 -0.0257646 0.00671091 0.999646 91.6226 
0.999634 0.0021463 0.0269553 -0.0519374 -0.00198606 0.99998 -0.00597007 -1.37358 -0.0269675 0.00591435 0.999619 92.7749 
0.999515 0.00229459 0.0310633 -0.0386244 -0.00215581 0.999988 -0.00450014 -1.39118 -0.0310733 0.00443099 0.999507 93.9317 
0.99944 0.000497208 0.0334684 -0.00953009 -0.000382278 0.999994 -0.0034403 -1.41406 -0.0334699 0.00342557 0.999434 95.0879 
0.999245 -0.000582755 0.0388374 -0.0164805 0.000783679 0.999986 -0.00515843 -1.45242 -0.0388339 0.00518497 0.999232 96.2415 
0.999212 -0.00271234 0.0395874 0.0570297 0.00305483 0.999958 -0.00859371 -1.48093 -0.0395624 0.00870787 0.999179 97.3982 
0.99913 -0.00177813 0.0416597 0.103949 0.00226115 0.999931 -0.0115502 -1.50685 -0.0416363 0.0116344 0.999065 98.5577 
0.99905 -0.00193436 0.0435343 0.108535 0.00246659 0.999923 -0.0121753 -1.54697 -0.0435074 0.0122711 0.998978 99.7264 
0.998985 -0.00263914 0.0449663 0.106949 0.00314176 0.999933 -0.0111108 -1.59465 -0.044934 0.0112408 0.998927 100.902 
0.999058 -0.00176445 0.0433673 0.208635 0.00214572 0.999959 -0.00874687 -1.62755 -0.0433501 0.00883168 0.999021 102.079 
0.999152 -0.0022443 0.0411214 0.256702 0.00250119 0.999978 -0.0061969 -1.67312 -0.0411066 0.0062945 0.999135 103.263 
0.999227 -0.00169528 0.039286 0.296409 0.00190791 0.999984 -0.00537542 -1.69944 -0.0392762 0.00544621 0.999214 104.455 
0.999322 -0.00129509 0.0368009 0.331716 0.0014763 0.999987 -0.00489734 -1.72153 -0.036794 0.00494835 0.999311 105.654 
0.999421 -0.000698309 0.0340319 0.357874 0.000873451 0.999986 -0.00513181 -1.7433 -0.0340278 0.00515857 0.999408 106.854 
0.999508 0.00178533 0.031307 0.348425 -0.001607 0.999982 -0.00572032 -1.76138 -0.0313166 0.0056672 0.999493 108.06 
0.999633 0.00160078 0.0270388 0.393082 -0.0014609 0.999985 -0.00519251 -1.78676 -0.0270467 0.00515111 0.999621 109.266 
0.999769 0.00152262 0.0214424 0.485864 -0.00142405 0.999988 -0.00461133 -1.80564 -0.0214491 0.00457973 0.999759 110.477 
0.999858 0.0010879 0.016817 0.458864 -0.00102579 0.999993 -0.00370142 -1.83539 -0.0168209 0.00368364 0.999852 111.692 
0.999934 0.00123677 0.0113952 0.484129 -0.00120587 0.999996 -0.00271821 -1.86369 -0.0113985 0.00270429 0.999931 112.909 
0.99998 0.00192859 0.00608338 0.519939 -0.00191173 0.999994 -0.00277518 -1.88539 -0.00608869 0.00276349 0.999978 114.127 
0.999997 0.00198685 0.00105658 0.49886 -0.00198389 0.999994 -0.00279831 -1.92444 -0.00106213 0.0027962 0.999996 115.347 
0.999988 0.00188269 -0.00458845 0.516293 -0.00189604 0.999994 -0.00290605 -1.95931 0.00458295 0.00291471 0.999985 116.57 
0.999956 0.0030966 -0.00887527 0.506596 -0.0031291 0.999988 -0.00365044 -1.979 0.00886386 0.00367806 0.999954 117.796 
0.999913 0.00499285 -0.0122447 0.477422 -0.00504072 0.99998 -0.00388196 -2.00488 0.0122251 0.00394334 0.999917 119.024 
0.99987 0.00717725 -0.014411 0.432859 -0.0072273 0.999968 -0.00342408 -2.03913 0.014386 0.00352779 0.99989 120.255 
0.999833 0.00796188 -0.016421 0.418394 -0.0080235 0.999961 -0.00368974 -2.06635 0.0163909 0.00382088 0.999858 121.484 
0.999786 0.00984942 -0.0182188 0.405314 -0.00991595 0.999944 -0.00356475 -2.09042 0.0181827 0.00374465 0.999828 122.726 
0.999758 0.0111216 -0.0189583 0.349948 -0.0111734 0.999934 -0.00263036 -2.12204 0.0189278 0.00284155 0.999817 123.965 
0.999755 0.0105314 -0.0194901 0.331507 -0.0105829 0.999941 -0.0025409 -2.13694 0.0194622 0.00274653 0.999807 125.206 
0.999689 0.0138823 -0.0207123 0.307793 -0.0138977 0.999903 -0.000599684 -2.15625 0.020702 0.000887351 0.999785 126.452 
0.999649 0.015586 -0.0214393 0.30845 -0.0155421 0.999877 0.00221244 -2.1669 0.0214711 -0.00187845 0.999768 127.703 
0.999666 0.0143208 -0.0215276 0.257613 -0.0142798 0.999896 0.00205645 -2.19335 0.0215548 -0.00174836 0.999766 128.951 
0.999655 0.012557 -0.023088 0.256453 -0.0125371 0.999921 0.00100667 -2.21867 0.0230988 -0.000716863 0.999733 130.201 
0.999645 0.0094775 -0.0248962 0.263656 -0.0094275 0.999953 0.00212498 -2.24368 0.0249151 -0.00188952 0.999688 131.457 
0.99964 0.0075237 -0.0257659 0.226522 -0.00742168 0.999964 0.00405297 -2.26541 0.0257955 -0.00386028 0.99966 132.714 
0.999642 0.00554925 -0.0261747 0.211638 -0.00540423 0.99997 0.00560802 -2.27831 0.026205 -0.00546456 0.999642 133.977 
0.999665 0.00389262 -0.0255802 0.149902 -0.00372304 0.999971 0.00667348 -2.29406 0.0256054 -0.006576 0.99965 135.239 
0.999598 -0.000800298 -0.0283442 0.135133 0.000966212 0.999982 0.00584035 -2.32642 0.028339 -0.00586538 0.999581 136.502 
0.999573 -0.00346925 -0.02901 0.109828 0.00361354 0.999981 0.00492292 -2.34398 0.0289924 -0.00502564 0.999567 137.768 
0.999563 -0.00491148 -0.0291466 0.0845588 0.00504185 0.999978 0.00440093 -2.34746 0.0291243 -0.00454596 0.999565 139.036 
0.999576 -0.00424599 -0.0288066 0.0436956 0.0043907 0.999978 0.00496228 -2.35745 0.0287849 -0.00508666 0.999573 140.309 
0.999576 -0.00329043 -0.0289339 0.0153785 0.00350449 0.999967 0.00735056 -2.37269 0.0289087 -0.00744884 0.999554 141.584 
0.999612 -0.00087016 -0.0278364 -0.0428995 0.00112091 0.999959 0.00899354 -2.39366 0.0278274 -0.00902125 0.999572 142.857 
0.999657 -0.000829615 -0.026163 -0.108929 0.00102165 0.999973 0.00732758 -2.41243 0.0261562 -0.0073518 0.999631 144.128 
0.99968 0.000480163 -0.0252801 -0.150885 -0.000336218 0.999984 0.00569794 -2.43435 0.0252824 -0.00568762 0.999664 145.399 
0.999668 -0.000719984 -0.025754 -0.173348 0.000804903 0.999994 0.00328708 -2.45616 0.0257515 -0.00330672 0.999663 146.669 
0.999647 -0.00291575 -0.0264266 -0.183477 0.0028864 0.999995 -0.00114861 -2.48017 0.0264298 0.00107192 0.99965 147.936 
0.999647 -0.00284141 -0.0264242 -0.200994 0.0027134 0.999984 -0.00487912 -2.49366 0.0264377 0.00480569 0.999639 149.202 
0.999668 -0.00419795 -0.0254082 -0.245419 0.00402851 0.999969 -0.00671656 -2.5133 0.0254356 0.00661198 0.999655 150.467 
0.999632 -0.0049937 -0.0266639 -0.275175 0.00482534 0.999968 -0.00637486 -2.54816 0.0266949 0.00624385 0.999624 151.73 
0.999599 -0.00354959 -0.028077 -0.310913 0.00341724 0.999983 -0.00476028 -2.58764 0.0280934 0.00466243 0.999594 152.998 
0.999582 -0.00291396 -0.028772 -0.338124 0.00280777 0.999989 -0.00373064 -2.61417 0.0287826 0.00364829 0.999579 154.262 
0.999563 -0.00225053 -0.0294871 -0.369419 0.00216716 0.999994 -0.00285895 -2.65105 0.0294933 0.0027938 0.999561 155.526 
0.999519 -0.00156399 -0.0309801 -0.416685 0.00145103 0.999992 -0.00366817 -2.67949 0.0309856 0.00362145 0.999513 156.789 
0.999455 -0.00181242 -0.0329756 -0.44893 0.00171573 0.999994 -0.00296034 -2.7269 0.0329808 0.00290215 0.999452 158.049 
0.999474 -0.00260077 -0.0323153 -0.52814 0.00254644 0.999995 -0.00172221 -2.75456 0.0323196 0.00163902 0.999476 159.311 
0.999499 -0.00163642 -0.0316138 -0.596271 0.00160047 0.999998 -0.00116242 -2.78459 0.0316156 0.00111124 0.999499 160.571 
0.999475 -0.0020333 -0.0323309 -0.639478 0.00197557 0.999996 -0.00181745 -2.81618 0.0323345 0.00175262 0.999476 161.831 
0.999473 -0.00202002 -0.0323858 -0.706863 0.00192122 0.999993 -0.00308166 -2.83988 0.0323918 0.00301782 0.999471 163.091 
0.999434 -0.00127439 -0.033621 -0.744559 0.00117536 0.999995 -0.00296492 -2.87027 0.0336246 0.00292372 0.99943 164.355 
0.999411 -0.00179899 -0.0342752 -0.801829 0.00167475 0.999992 -0.00365307 -2.89995 0.0342815 0.00359352 0.999406 165.615 
0.999395 -0.00167495 -0.0347252 -0.872497 0.00151337 0.999988 -0.00467883 -2.93397 0.0347326 0.00462344 0.999386 166.876 
0.999308 -0.00206048 -0.0371372 -0.896023 0.00187158 0.999985 -0.00512055 -2.95001 0.0371472 0.0050475 0.999297 168.138 
0.999372 -0.00132479 -0.0354138 -1.03028 0.001186 0.999992 -0.00393979 -2.9676 0.0354187 0.00389532 0.999365 169.397 
0.999275 -0.00170814 -0.0380206 -1.05697 0.0015969 0.999994 -0.00295586 -3.00367 0.0380254 0.002893 0.999273 170.66 
0.999215 -0.00182648 -0.0395685 -1.09223 0.00171575 0.999995 -0.00283236 -3.02687 0.0395734 0.00276225 0.999213 171.926 
0.999239 -0.000229203 -0.039003 -1.17025 0.000126036 0.999996 -0.00264756 -3.0542 0.0390034 0.00264063 0.999236 173.187 
0.999298 0.000956233 -0.037452 -1.26948 -0.00108891 0.999993 -0.00352239 -3.06673 0.0374483 0.0035607 0.999292 174.448 
0.999266 0.00235615 -0.038228 -1.30611 -0.00251497 0.999988 -0.00410692 -3.08387 0.0382179 0.00420005 0.999261 175.709 
0.999273 0.00473331 -0.0378411 -1.33553 -0.00488255 0.999981 -0.00385227 -3.10487 0.0378221 0.00403423 0.999276 176.976 
0.999272 0.0060316 -0.0376616 -1.38451 -0.00624437 0.999965 -0.00553456 -3.11383 0.0376269 0.00576571 0.999275 178.239 
0.999291 0.004534 -0.0373758 -1.44055 -0.00479383 0.999965 -0.00686497 -3.15041 0.0373434 0.00703928 0.999278 179.498 
0.999214 0.000190898 -0.0396515 -1.47498 -0.000442451 0.99998 -0.00633541 -3.18496 0.0396495 0.00634798 0.999193 180.759 
0.999235 0.000987483 -0.0390843 -1.51742 -0.00109594 0.999996 -0.00275355 -3.21512 0.0390815 0.00279428 0.999232 182.02 
0.999157 0.000390133 -0.0410396 -1.54274 -0.000346286 0.999999 0.00107551 -3.23582 0.04104 -0.00106039 0.999157 183.285 
0.999216 0.00365177 -0.0394217 -1.63953 -0.00366251 0.999993 -0.000200281 -3.25962 0.0394207 0.000344506 0.999223 184.538 
0.999192 0.00524604 -0.0398552 -1.69329 -0.00538165 0.99998 -0.00329604 -3.28782 0.0398371 0.00350787 0.9992 185.787 
0.999148 0.00494644 -0.0409809 -1.74749 -0.0051664 0.999973 -0.00526321 -3.309 0.0409538 0.00547045 0.999146 187.036 
0.999107 0.00404105 -0.0420638 -1.79038 -0.00426328 0.999977 -0.00519482 -3.34032 0.0420418 0.00536951 0.999101 188.282 
0.999121 0.00408136 -0.041719 -1.84306 -0.00424806 0.999983 -0.00390795 -3.36481 0.0417024 0.00408174 0.999122 189.528 
0.999301 0.00495489 -0.0370424 -1.99381 -0.00504812 0.999984 -0.00242385 -3.39256 0.0370298 0.00260915 0.999311 190.764 
0.999313 0.00515193 -0.0367041 -2.01183 -0.0052115 0.999985 -0.00152737 -3.40775 0.0366957 0.0017176 0.999325 192.004 
0.999367 0.00488391 -0.0352419 -2.07018 -0.00496472 0.999985 -0.00220592 -3.43624 0.0352306 0.00237949 0.999376 193.236 
0.999484 0.00447651 -0.031794 -2.16391 -0.00459716 0.999983 -0.00372293 -3.47056 0.0317768 0.00386717 0.999488 194.464 
0.999548 0.00453803 -0.0297132 -2.2305 -0.00469342 0.999976 -0.00516191 -3.50451 0.029689 0.00529903 0.999545 195.689 
0.99959 0.0029505 -0.0284722 -2.27829 -0.00312066 0.999978 -0.00593382 -3.53106 0.0284541 0.00602024 0.999577 196.908 
0.999618 0.00273225 -0.027506 -2.31351 -0.00288913 0.99998 -0.00566545 -3.55538 0.02749 0.00574275 0.999606 198.125 
0.999631 0.00200121 -0.0270928 -2.32786 -0.0021038 0.999991 -0.00375869 -3.5853 0.027085 0.0038143 0.999626 199.338 
0.999658 0.00304907 -0.0259756 -2.37132 -0.00315109 0.999987 -0.00388765 -3.60268 0.0259634 0.00396817 0.999655 200.545 
0.99968 0.0037455 -0.0250163 -2.3728 -0.00385662 0.999983 -0.00439531 -3.60876 0.0249994 0.00449038 0.999677 201.747 
0.999679 0.0039506 -0.0250352 -2.39293 -0.00405893 0.999983 -0.00427789 -3.63985 0.0250178 0.00437813 0.999677 202.942 
0.999701 0.00378297 -0.0241572 -2.41134 -0.00388379 0.999984 -0.0041282 -3.66708 0.0241412 0.00422078 0.9997 204.13 
0.999719 0.00485777 -0.0231866 -2.44818 -0.00497204 0.999976 -0.0048731 -3.68978 0.0231623 0.00498702 0.999719 205.308 
0.999761 0.00502352 -0.021298 -2.4872 -0.00514353 0.999971 -0.00558377 -3.69706 0.0212693 0.00569198 0.999758 206.478 
0.999764 0.00411076 -0.021321 -2.50262 -0.00422809 0.999976 -0.00546077 -3.72411 0.021298 0.00554963 0.999758 207.635 
0.999716 0.00409523 -0.023494 -2.48709 -0.00418685 0.999984 -0.00385161 -3.77662 0.0234779 0.00394888 0.999717 208.777 
0.999718 0.00367164 -0.0234605 -2.52264 -0.00373677 0.999989 -0.00273297 -3.81569 0.0234502 0.00281987 0.999721 209.906 
0.999715 0.00506478 -0.0233215 -2.53587 -0.00516385 0.999978 -0.00418963 -3.82901 0.0232997 0.00430887 0.999719 211.018 
0.999711 0.00588181 -0.0233198 -2.57643 -0.00599556 0.99997 -0.0048108 -3.86886 0.0232908 0.00494923 0.999716 212.114 
0.999737 0.00595366 -0.02213 -2.66839 -0.00606885 0.999968 -0.00514179 -3.90971 0.0220987 0.00527474 0.999742 213.193 
0.999718 0.00535895 -0.023136 -2.67774 -0.00549869 0.999967 -0.00598052 -3.92221 0.0231032 0.00610605 0.999714 214.264 
0.999673 0.00380506 -0.0253045 -2.68876 -0.00397639 0.999969 -0.00672394 -3.93194 0.0252781 0.00682236 0.999657 215.324 
0.999583 0.00183067 -0.0288191 -2.69444 -0.00200503 0.99998 -0.00602216 -3.96354 0.0288075 0.00607743 0.999567 216.367 
0.999508 0.000341243 -0.0313632 -2.72104 -0.000467407 0.999992 -0.00401541 -3.99876 0.0313616 0.0040281 0.9995 217.404 
0.999422 0.000352578 -0.0339987 -2.74512 -0.000450896 0.999996 -0.00288419 -4.00615 0.0339976 0.00289785 0.999418 218.426 
0.999343 0.00123407 -0.0362339 -2.79184 -0.00132745 0.999996 -0.00255309 -4.0362 0.0362306 0.00259951 0.99934 219.429 
0.999227 0.000981817 -0.0393078 -2.83399 -0.00111166 0.999994 -0.00328162 -4.06 0.0393043 0.00332278 0.999222 220.412 
0.999131 0.000339565 -0.0416829 -2.90598 -0.00046898 0.999995 -0.00309502 -4.08943 0.0416816 0.00311187 0.999126 221.375 
0.998994 0.00108326 -0.0448296 -2.97195 -0.00117498 0.999997 -0.00201972 -4.12419 0.0448273 0.00207036 0.998993 222.314 
0.998845 0.000910352 -0.0480416 -3.03008 -0.00100411 0.999998 -0.00192754 -4.15772 0.0480397 0.00197355 0.998843 223.233 
0.998718 -0.00020355 -0.0506095 -3.09956 0.000103649 0.999998 -0.00197657 -4.19206 0.0506098 0.00196879 0.998717 224.126 
0.998562 0.000210919 -0.0536088 -3.15221 -0.000335193 0.999997 -0.00230917 -4.21693 0.0536082 0.00232382 0.998559 224.999 
0.998227 0.000861474 -0.0595203 -3.1931 -0.000995998 0.999997 -0.00223051 -4.2476 0.0595182 0.00228584 0.998225 225.852 
0.997981 0.000670838 -0.0635101 -3.23505 -0.000925522 0.999992 -0.00398079 -4.25678 0.0635069 0.00403153 0.997973 226.681 
0.997674 0.0010398 -0.0681604 -3.27062 -0.00136577 0.999988 -0.00473599 -4.27327 0.0681547 0.00481807 0.997663 227.494 
0.99776 0.00274101 -0.0668421 -3.33535 -0.00301325 0.999988 -0.0039724 -4.29564 0.0668303 0.00416491 0.997756 228.286 
0.99781 0.00254657 -0.0660929 -3.39992 -0.00275206 0.999992 -0.00301832 -4.31571 0.0660847 0.0031936 0.997809 229.061 
0.997776 0.00244944 -0.0666179 -3.43646 -0.00260874 0.999994 -0.00230441 -4.33666 0.0666119 0.00247307 0.997776 229.818 
0.997797 0.00261064 -0.0662929 -3.48465 -0.00279446 0.999993 -0.0026802 -4.35708 0.0662854 0.00285954 0.997797 230.559 
0.997824 0.00255554 -0.0658825 -3.52324 -0.00289888 0.999983 -0.00511629 -4.3689 0.0658683 0.00529614 0.997814 231.289 
0.997945 0.00323694 -0.0640005 -3.59244 -0.00370337 0.999967 -0.00717063 -4.39435 0.0639752 0.00739291 0.997924 232.013 
0.998255 0.00347343 -0.0589547 -3.71055 -0.00393672 0.999962 -0.00774417 -4.43023 0.0589256 0.00796274 0.998231 232.726 
0.998305 0.00398332 -0.0580581 -3.74503 -0.00447006 0.999956 -0.00825621 -4.45357 0.0580227 0.00850174 0.998279 233.448 
0.998323 0.00378539 -0.0577706 -3.76115 -0.00432186 0.999949 -0.00916404 -4.46419 0.057733 0.00939834 0.998288 234.166 
0.998376 0.00400357 -0.0568301 -3.77988 -0.0045793 0.999939 -0.0100042 -4.46405 0.0567866 0.0102482 0.998334 234.88 
0.998452 0.00323834 -0.0555179 -3.80972 -0.00379537 0.999943 -0.00993076 -4.49109 0.0554826 0.0101261 0.998408 235.59 
0.998423 0.00320192 -0.0560459 -3.82458 -0.00380013 0.999937 -0.0105702 -4.51303 0.0560086 0.0107665 0.998372 236.297 
0.998691 0.00304886 -0.0510573 -3.89917 -0.00356276 0.999944 -0.00997727 -4.53832 0.051024 0.0101461 0.998646 236.996 
0.998854 0.00172594 -0.0478255 -3.93423 -0.00216778 0.999955 -0.0091882 -4.55988 0.0478075 0.00928135 0.998813 237.695 
0.99896 0.000688909 -0.0455935 -3.96152 -0.00109272 0.99996 -0.00883236 -4.58334 0.0455856 0.00887299 0.998921 238.39 
0.999055 -2.23125e-05 -0.0434568 -3.9856 -0.000334063 0.999966 -0.00819339 -4.61059 0.0434556 0.00820017 0.999022 239.082 
0.99916 -0.000864018 -0.0409717 -3.99521 0.000515472 0.999964 -0.0085168 -4.62243 0.0409776 0.00848852 0.999124 239.77 
0.999426 -0.0014553 -0.0338335 -4.07325 0.00120724 0.999972 -0.00735105 -4.65588 0.0338433 0.00730598 0.9994 240.452 
0.999518 -0.000801799 -0.0310229 -4.07452 0.00055642 0.999969 -0.00791743 -4.67466 0.0310283 0.00789635 0.999487 241.141 
0.99958 -0.002294 -0.0288907 -4.08374 0.00205733 0.999964 -0.00821871 -4.69733 0.0289085 0.00815582 0.999549 241.834 
0.999672 -0.0013813 -0.0255709 -4.11332 0.00119932 0.999974 -0.00713073 -4.7184 0.0255801 0.00709772 0.999648 242.53 
0.999808 -0.00187115 -0.0194881 -4.16133 0.00177664 0.999987 -0.00486598 -4.75709 0.019497 0.00483043 0.999798 243.23 
0.999846 -0.00189501 -0.01746 -4.17551 0.00180592 0.999985 -0.00511704 -4.77445 0.0174694 0.00508472 0.999834 243.933 
0.999889 -0.00199936 -0.0147336 -4.18712 0.00189161 0.999971 -0.00732324 -4.7875 0.0147478 0.00729456 0.999865 244.637 
0.99993 0.000652949 -0.0118266 -4.19542 -0.00077003 0.999951 -0.0098979 -4.80151 0.0118196 0.00990631 0.999881 245.345 
0.999944 -0.000736582 -0.0105339 -4.20984 0.000615652 0.999934 -0.0114787 -4.8191 0.0105417 0.0114716 0.999879 246.06 
0.99994 -0.000978471 -0.0109386 -4.21453 0.000849018 0.99993 -0.0118329 -4.83755 0.0109494 0.0118229 0.99987 246.781 
0.999933 -0.00211134 -0.011341 -4.22321 0.00197591 0.999927 -0.0119394 -4.85933 0.0113654 0.0119162 0.999864 247.509 
0.999933 -0.000873955 -0.0115368 -4.22141 0.000733615 0.999926 -0.0121632 -4.87999 0.0115465 0.0121539 0.999859 248.243 
0.999929 0.00106136 -0.0118616 -4.23013 -0.00121863 0.999911 -0.0132593 -4.89613 0.0118465 0.0132728 0.999842 248.985 
0.999937 0.00294661 -0.0108475 -4.23763 -0.00310826 0.999884 -0.0149156 -4.91746 0.0108023 0.0149484 0.99983 249.73 
0.999949 -0.000248744 -0.0101197 -4.25471 7.50896e-05 0.999853 -0.0171568 -4.93584 0.0101225 0.0171551 0.999802 250.483 
0.999968 -0.00243423 -0.00766577 -4.27853 0.00229442 0.999832 -0.0181945 -4.95619 0.00770877 0.0181763 0.999805 251.243 
0.99998 -4.31926e-05 -0.00637171 -4.31413 -4.81208e-05 0.999897 -0.0143302 -4.98434 0.00637167 0.0143302 0.999877 252.016 
0.999967 0.00284058 -0.00755168 -4.30199 -0.00290458 0.99996 -0.00847752 -4.99918 0.00752729 0.00849918 0.999936 252.8 
0.999977 0.00216447 -0.00639472 -4.31631 -0.00219654 0.999985 -0.00501195 -5.02085 0.00638377 0.00502588 0.999967 253.587 
0.999991 0.00116767 -0.00410082 -4.31358 -0.00119584 0.999976 -0.00687459 -5.03805 0.00409269 0.00687943 0.999968 254.382 
0.999996 0.00268414 -0.000365554 -4.29746 -0.00268895 0.9999 -0.0138802 -5.04366 0.000328261 0.0138811 0.999904 255.177 
0.999981 0.00441374 0.00427079 -4.30631 -0.0043413 0.999849 -0.0168238 -5.06924 -0.00434441 0.016805 0.999849 255.983 
0.99997 0.00507172 0.00583321 -4.26836 -0.00497153 0.999842 -0.0170649 -5.08702 -0.00591884 0.0170354 0.999837 256.8 
0.999935 0.00480112 0.0103642 -4.28392 -0.0046512 0.999885 -0.0144409 -5.11993 -0.0104324 0.0143918 0.999842 257.628 
0.999884 0.0025581 0.0150447 -4.281 -0.00237159 0.99992 -0.0124015 -5.12461 -0.0150752 0.0123644 0.99981 258.463 
0.999861 0.00208976 0.0165196 -4.24558 -0.00191254 0.999941 -0.0107367 -5.14008 -0.0165411 0.0107036 0.999806 259.3 
0.999799 0.00250599 0.019889 -4.28135 -0.0023062 0.999947 -0.0100619 -5.1717 -0.0199131 0.010014 0.999752 260.138 
0.999744 0.00486858 0.0220848 -4.26281 -0.00460407 0.999917 -0.0120123 -5.2063 -0.0221414 0.0119075 0.999684 260.972 
0.999684 0.00686322 0.0241917 -4.24206 -0.00651649 0.999875 -0.0143825 -5.22216 -0.0242874 0.0142203 0.999604 261.809 
0.999522 0.00620538 0.0302838 -4.29146 -0.00580989 0.999897 -0.0131301 -5.27183 -0.0303622 0.0129479 0.999455 262.646 
0.999345 0.00763177 0.035369 -4.31818 -0.00723834 0.999911 -0.0112383 -5.30269 -0.0354516 0.010975 0.999311 263.489 
0.999192 0.0092574 0.0391142 -4.2966 -0.00888373 0.999913 -0.00971624 -5.32346 -0.0392007 0.0093609 0.999188 264.331 
0.99905 0.00985978 0.0424459 -4.27116 -0.00944954 0.999907 -0.00985496 -5.34876 -0.0425391 0.00944451 0.99905 265.171 
0.999015 0.0104398 0.0431271 -4.23096 -0.00995248 0.999884 -0.0114988 -5.3564 -0.0432421 0.0110583 0.999003 266.014 
0.998823 0.0100285 0.047448 -4.20819 -0.00949781 0.99989 -0.0113976 -5.3749 -0.0475571 0.0109336 0.998809 266.858 
0.998796 0.00544971 0.0487572 -4.1698 -0.00495367 0.999935 -0.0102887 -5.39993 -0.0488101 0.0100348 0.998758 267.705 
0.998763 0.00502761 0.0494704 -4.12906 -0.00453254 0.999939 -0.0101145 -5.42111 -0.0495182 0.00987776 0.998724 268.553 
0.998765 0.00505965 0.049428 -4.07296 -0.00455096 0.999936 -0.0103987 -5.43806 -0.0494774 0.010161 0.998724 269.4 
0.998803 0.00615734 0.0485331 -4.04011 -0.00569885 0.999938 -0.00957955 -5.46326 -0.0485891 0.00929149 0.998776 270.253 
0.998818 0.00556391 0.0482801 -4.00454 -0.00512578 0.999945 -0.00919383 -5.47932 -0.0483285 0.0089355 0.998792 271.106 
0.998909 0.00490868 0.0464506 -3.93926 -0.00446489 0.999943 -0.00965309 -5.49064 -0.0464953 0.00943516 0.998874 271.96 
0.998801 0.00628987 0.0485517 -3.91458 -0.00573723 0.999917 -0.0115135 -5.49918 -0.0486201 0.0112212 0.998754 272.815 
0.998853 0.00662386 0.0474128 -3.88416 -0.00603311 0.999903 -0.012592 -5.52162 -0.0474916 0.0122915 0.998796 273.668 
0.998851 0.00843587 0.0471741 -3.86876 -0.00777944 0.999871 -0.0140815 -5.5348 -0.0472867 0.0136984 0.998787 274.524 
0.998967 0.00991304 0.0443573 -3.82378 -0.00924416 0.999841 -0.0152591 -5.55556 -0.0445015 0.0148332 0.998899 275.377 
0.998936 0.0148096 0.0436703 -3.79539 -0.0140784 0.999756 -0.0170029 -5.55557 -0.0439115 0.01637 0.998901 276.228 
0.998963 0.0160832 0.0425836 -3.77703 -0.015377 0.99974 -0.01686 -5.58249 -0.0428437 0.0161877 0.998951 277.078 
0.999014 0.0185597 0.0403273 -3.74269 -0.0179332 0.999714 -0.0158413 -5.58769 -0.0406098 0.0151025 0.999061 277.926 
0.999034 0.0176326 0.0402587 -3.78419 -0.0170577 0.999748 -0.0145792 -5.6031 -0.0405057 0.0138784 0.999083 278.771 
0.999234 0.0167352 0.0353768 -3.77589 -0.0162962 0.999787 -0.0126605 -5.63843 -0.0355811 0.0120743 0.999294 279.61 
0.99938 0.0166651 0.0310054 -3.76166 -0.0163172 0.999801 -0.0114418 -5.66461 -0.03119 0.0109288 0.999454 280.443 
0.999529 0.0161555 0.0260946 -3.73692 -0.0158758 0.999815 -0.0108911 -5.6875 -0.0262658 0.0104717 0.9996 281.264 
0.999658 0.0153033 0.0212205 -3.70874 -0.0150814 0.99983 -0.0105803 -5.7081 -0.0213788 0.0102567 0.999719 282.077 
0.999741 0.0152264 0.016938 -3.69348 -0.0150544 0.999834 -0.0102366 -5.7332 -0.0170911 0.00997893 0.999804 282.877 
0.99981 0.0158436 0.0113195 -3.67314 -0.0157243 0.999821 -0.0105568 -5.75242 -0.0114847 0.0103768 0.99988 283.661 
0.999838 0.0163795 0.00744389 -3.67875 -0.0162989 0.999809 -0.0107626 -5.7756 -0.00761876 0.0106395 0.999914 284.428 
0.999823 0.0178459 0.00600255 -3.70803 -0.0177791 0.999781 -0.011 -5.79475 -0.00619754 0.0108913 0.999921 285.177 
0.999851 0.0170929 0.00226576 -3.67622 -0.017066 0.999789 -0.0113958 -5.79733 -0.00246007 0.0113554 0.999932 285.907 
0.999879 0.0151665 -0.00356614 -3.64693 -0.0152085 0.999812 -0.012049 -5.81977 0.00338273 0.0121017 0.999921 286.615 
0.999816 0.0179696 -0.00665596 -3.65357 -0.0180639 0.999733 -0.0143857 -5.82518 0.00639568 0.0145033 0.999874 287.304 
0.999712 0.0184471 -0.0153252 -3.64979 -0.0186876 0.999702 -0.0157055 -5.8538 0.0150309 0.0159874 0.999759 287.971 
0.99956 0.0181279 -0.023471 -3.71391 -0.0185359 0.999679 -0.017285 -5.88708 0.0231501 0.0177125 0.999575 288.618 
0.999228 0.0172892 -0.0352849 -3.70447 -0.0179364 0.999675 -0.0181083 -5.90637 0.0349604 0.0187272 0.999213 289.257 
0.99872 0.0184668 -0.0470798 -3.75678 -0.019367 0.999637 -0.0187359 -5.91229 0.0467167 0.0196237 0.998715 289.884 
0.997749 0.0190891 -0.0642883 -3.79032 -0.0202847 0.999632 -0.0179967 -5.93575 0.0639211 0.0192603 0.997769 290.496 
0.996167 0.0205065 -0.0850392 -3.8349 -0.0220619 0.999605 -0.0173912 -5.95093 0.084649 0.0192007 0.996226 291.1 
0.993868 0.022185 -0.10832 -3.86829 -0.0241974 0.999558 -0.0172989 -5.96094 0.107888 0.0198139 0.993966 291.681 
0.990789 0.0225956 -0.133513 -3.95829 -0.0251098 0.999537 -0.0171772 -5.98927 0.133064 0.0203715 0.990898 292.253 
0.98666 0.0239588 -0.161024 -4.07091 -0.0269734 0.999499 -0.0165612 -6.01295 0.160546 0.0206836 0.986812 292.811 
0.981251 0.0245817 -0.19116 -4.21212 -0.028023 0.99949 -0.0153194 -6.02896 0.190686 0.020389 0.981439 293.337 
0.973979 0.0227653 -0.225492 -4.34157 -0.0266956 0.99954 -0.0143955 -6.03766 0.22506 0.0200406 0.974139 293.87 
0.965426 0.0219056 -0.259754 -4.52285 -0.0260409 0.999583 -0.0124891 -6.07713 0.259372 0.0188215 0.965594 294.375 
0.954656 0.0221881 -0.296883 -4.6948 -0.0263325 0.999604 -0.00996763 -6.08534 0.296545 0.0173333 0.954862 294.852 
0.942315 0.0225071 -0.33397 -4.92536 -0.0264195 0.999625 -0.00717666 -6.107 0.333684 0.015586 0.942556 295.315 
0.927757 0.0217178 -0.372552 -5.14069 -0.0255249 0.99966 -0.00528934 -6.12583 0.372311 0.0144166 0.927996 295.747 
0.910702 0.0204074 -0.412561 -5.37461 -0.0244475 0.999691 -0.00451631 -6.12567 0.412341 0.0141991 0.910919 296.192 
0.889274 0.0185131 -0.457 -5.55026 -0.0228736 0.99973 -0.00401034 -6.1455 0.456802 0.0140195 0.889458 296.659 
0.866564 0.016543 -0.498792 -5.80268 -0.0210446 0.999773 -0.00340267 -6.16819 0.498622 0.0134455 0.866715 297.046 
0.841083 0.0142099 -0.54072 -6.10972 -0.019045 0.999813 -0.0033497 -6.17216 0.540571 0.0131154 0.841196 297.426 
0.812424 0.0145234 -0.582886 -6.41749 -0.0185412 0.999828 -0.000930647 -6.1878 0.582773 0.0115635 0.812553 297.8 
0.780205 0.0150152 -0.625344 -6.70617 -0.0185838 0.999827 0.000821066 -6.20614 0.625248 0.0109807 0.780349 298.144 
0.745413 0.0125208 -0.666486 -7.05284 -0.0171098 0.999854 -0.000352356 -6.21723 0.666384 0.0116661 0.745518 298.471 
0.70825 0.00775539 -0.705919 -7.39509 -0.0131024 0.999912 -0.00216041 -6.2218 0.70584 0.0107794 0.708289 298.748 
0.665991 0.000778931 -0.74596 -7.79063 -0.00613554 0.999971 -0.00443362 -6.21843 0.745935 0.00752961 0.665976 299.004 
0.618166 -0.00274238 -0.786043 -8.17326 -0.00158977 0.999988 -0.00473904 -6.22668 0.786046 0.00417914 0.618154 299.265 
0.567452 -0.000841929 -0.823406 -8.55072 -0.000504233 0.999999 -0.00136999 -6.23298 0.823406 0.00119259 0.567451 299.466 
0.515994 0.0048209 -0.856579 -8.9634 -0.00114578 0.999987 0.00493782 -6.24604 0.856592 -0.00156643 0.515993 299.643 
0.461357 0.00806217 -0.887178 -9.37544 -0.00103915 0.999963 0.00854671 -6.25703 0.887214 -0.00302117 0.461348 299.802 
0.40443 0.0104698 -0.914509 -9.76553 -0.000606171 0.999937 0.0111798 -6.26236 0.914569 -0.0039671 0.404411 299.937 
0.346573 0.0111375 -0.937957 -10.1761 0.00140884 0.999922 0.0123939 -6.26748 0.938022 -0.00561682 0.34653 300.045 
0.288012 0.0116749 -0.957556 -10.5795 0.00439374 0.999899 0.0135127 -6.26799 0.957617 -0.00809909 0.287931 300.123 
0.229249 0.0124269 -0.973289 -10.9953 0.0080797 0.99986 0.0146693 -6.27148 0.973334 -0.0112268 0.229116 300.175 
0.166954 0.0131637 -0.985877 -11.4174 0.0115926 0.999816 0.015313 -6.27321 0.985896 -0.0139854 0.166771 300.199 
0.131413 0.0133075 -0.991238 -11.7301 0.0046694 0.99989 0.0140427 -6.17499 0.991317 -0.00647388 0.131337 299.923 
0.0672176 0.014422 -0.997634 -12.1698 0.0113581 0.99982 0.0152189 -6.18763 0.997674 -0.0123542 0.0670417 299.904 
0.00262323 0.0171574 -0.999849 -12.6133 0.0173156 0.999702 0.0172003 -6.17353 0.999847 -0.0173581 0.00232536 299.846 
-0.0638645 0.0203786 -0.99775 -13.0766 0.0241138 0.999531 0.0188715 -6.17316 0.997667 -0.0228543 -0.064326 299.77 
-0.130329 0.0240262 -0.99118 -13.5325 0.0308029 0.999322 0.0201733 -6.17699 0.990992 -0.027902 -0.130981 299.661 
-0.197911 0.027505 -0.979834 -14.0108 0.0367437 0.999112 0.0206245 -6.1723 0.979531 -0.0319209 -0.198746 299.528 
-0.262663 0.0284036 -0.964469 -14.4724 0.0413794 0.998979 0.0181507 -6.17557 0.964 -0.0351416 -0.26357 299.366 
-0.326009 0.0312307 -0.944851 -14.9356 0.0446158 0.998849 0.0176214 -6.17971 0.944313 -0.0364105 -0.327027 299.18 
-0.385379 0.0330832 -0.922165 -15.4153 0.0467804 0.998772 0.0162817 -6.1939 0.921572 -0.0368646 -0.386453 298.937 
-0.44249 0.0348594 -0.896096 -15.8751 0.047674 0.998746 0.0153113 -6.19647 0.895505 -0.0359454 -0.443597 298.679 
-0.493956 0.0383954 -0.868639 -16.349 0.0502198 0.998617 0.015583 -6.20121 0.868036 -0.0359256 -0.4952 298.359 
-0.541447 0.0413519 -0.839717 -16.8054 0.0525619 0.998501 0.0152794 -6.21061 0.83909 -0.0358641 -0.542809 298.023 
-0.58095 0.046318 -0.81262 -17.2552 0.0562847 0.998276 0.0166616 -6.20463 0.811991 -0.0360585 -0.582555 297.638 
-0.617607 0.0457524 -0.785155 -17.7188 0.058446 0.998216 0.0121939 -6.21324 0.784312 -0.0383582 -0.619179 297.206 
-0.656947 0.041005 -0.752821 -18.194 0.0572285 0.998351 0.00443845 -6.20447 0.751762 -0.040167 -0.65821 296.784 
-0.692781 0.0379266 -0.72015 -18.6594 0.0587295 0.998266 -0.00392387 -6.22773 0.718753 -0.0450124 -0.693807 296.282 
-0.726497 0.0392344 -0.686049 -19.1031 0.060458 0.998147 -0.00693942 -6.24876 0.684505 -0.0465186 -0.727522 295.765 
-0.757866 0.0441259 -0.650916 -19.567 0.0620621 0.998062 -0.00460039 -6.27243 0.649452 -0.0438837 -0.759136 295.206 
-0.786411 0.0485037 -0.615796 -20.0066 0.0618108 0.998088 -0.000321174 -6.26937 0.614603 -0.0383154 -0.787906 294.628 
-0.812516 0.053629 -0.580467 -20.4358 0.0627251 0.998021 0.00440636 -6.27511 0.579555 -0.0328296 -0.814272 294.011 
-0.836204 0.0556198 -0.54559 -20.8428 0.06193 0.998057 0.00682857 -6.26751 0.54491 -0.0280783 -0.838024 293.327 
-0.857914 0.0588584 -0.510412 -21.2358 0.0644553 0.997898 0.00673497 -6.26745 0.509735 -0.0271207 -0.859904 292.626 
-0.878029 0.0642353 -0.474278 -21.6186 0.0684941 0.997617 0.00831247 -6.27497 0.473682 -0.0251867 -0.880336 291.871 
-0.897669 0.0655359 -0.435769 -21.9936 0.0689423 0.997588 0.00800982 -6.27261 0.435243 -0.0228528 -0.900023 291.11 
-0.915706 0.0646706 -0.396612 -22.3452 0.0682199 0.997657 0.00516792 -6.27244 0.396017 -0.0223245 -0.917972 290.288 
-0.931363 0.0618548 -0.358799 -22.6414 0.0656633 0.997841 0.0015744 -6.27489 0.358122 -0.0220936 -0.933413 289.442 
-0.944811 0.0621748 -0.321662 -22.9267 0.0665269 0.997781 -0.00254447 -6.2773 0.32079 -0.0238032 -0.946851 288.565 
-0.957554 0.0627909 -0.28133 -23.2615 0.06714 0.997726 -0.00583666 -6.30583 0.280324 -0.0244774 -0.959593 287.66 
-0.966832 0.0644696 -0.247144 -23.4598 0.0684905 0.997622 -0.00769793 -6.3369 0.24606 -0.0243696 -0.968948 286.713 
-0.974822 0.0664233 -0.212859 -23.671 0.0692339 0.997584 -0.00576916 -6.35233 0.211962 -0.020361 -0.977066 285.733 
-0.981632 0.0672635 -0.178536 -23.8513 0.0691847 0.997593 -0.00454934 -6.36276 0.1778 -0.0168177 -0.983923 284.736 
-0.986596 0.0697028 -0.147544 -23.9996 0.071178 0.997452 -0.00473587 -6.3695 0.146838 -0.0151743 -0.989044 283.704 
-0.990216 0.0727329 -0.119087 -24.0363 0.0739487 0.997245 -0.00581704 -6.40251 0.118336 -0.0145665 -0.992867 282.629 
