1 0 0 0 0 1 0 0 0 0 1 0 
0.999983 0.00123561 -0.00566387 -0.0225411 -0.00123098 0.999999 0.000819209 -0.00403673 0.00566487 -0.000812223 0.999984 0.0887739 
0.999917 0.00171839 -0.0127977 -0.0337789 -0.00171297 0.999998 0.000434887 -0.000724866 0.0127985 -0.000412929 0.999918 0.182423 
0.999805 0.0021396 -0.0196304 -0.0516094 -0.0021442 0.999998 -0.000213344 -0.00305275 0.0196299 0.000255394 0.999807 0.278811 
0.999582 0.00264633 -0.0288008 -0.064712 -0.00269756 0.999995 -0.00174014 -0.00177703 0.0287961 0.00181711 0.999584 0.382413 
0.999175 0.00278054 -0.0405125 -0.0777068 -0.00292795 0.999989 -0.0035797 0.000929468 0.0405022 0.00369536 0.999173 0.496344 
0.998524 0.00259332 -0.0542583 -0.0922847 -0.00284348 0.999986 -0.00453383 0.00113086 0.0542458 0.00468142 0.998517 0.623479 
0.997486 0.00261297 -0.0708142 -0.110147 -0.00295488 0.999984 -0.00472388 0.00312654 0.0708007 0.00492125 0.997478 0.763185 
0.995988 0.00123024 -0.0894799 -0.148428 -0.00165268 0.999988 -0.00464712 -0.00447466 0.0894731 0.00477636 0.995978 0.912674 
0.993976 -0.000481545 -0.109594 -0.191514 6.45605e-05 0.999993 -0.00380834 -0.0246223 0.109595 0.00377832 0.993969 1.07166 
0.991108 -0.00102257 -0.133055 -0.218056 0.000495382 0.999992 -0.00399524 -0.0307831 0.133058 0.0038938 0.991101 1.2437 
0.98752 0.00284489 -0.157467 -0.266506 -0.00365349 0.999982 -0.00484578 -0.0340883 0.157451 0.00536061 0.987512 1.41878 
0.982969 0.00808116 -0.183595 -0.311125 -0.00933222 0.999939 -0.0059512 -0.0393102 0.183536 0.00756319 0.982984 1.60215 
0.977542 0.0116619 -0.21042 -0.377494 -0.0133195 0.99989 -0.00646216 -0.0409502 0.210321 0.00911971 0.97759 1.78748 
0.971067 0.0124227 -0.238485 -0.462643 -0.0144285 0.999874 -0.00666703 -0.0443141 0.238372 0.00991512 0.971123 1.97376 
0.962996 0.0147624 -0.26911 -0.537156 -0.0169435 0.99984 -0.00578401 -0.047022 0.268981 0.0101296 0.963092 2.17219 
0.95354 0.0162967 -0.300825 -0.63955 -0.0184358 0.999821 -0.00427338 -0.0615613 0.300701 0.0096208 0.95367 2.36493 
0.942348 0.0177584 -0.334162 -0.743462 -0.0199151 0.999797 -0.00302896 -0.0663503 0.33404 0.00950919 0.942511 2.56227 
0.929796 0.0207907 -0.367488 -0.857215 -0.0230959 0.999731 -0.0018759 -0.0735035 0.36735 0.0102317 0.930026 2.75528 
0.915767 0.0239637 -0.400994 -0.981349 -0.0263092 0.999654 -0.000343448 -0.0833155 0.400847 0.0108644 0.916081 2.95055 
0.899105 0.024876 -0.437026 -1.10175 -0.0273975 0.999624 0.00053416 -0.0903855 0.436876 0.0114932 0.899448 3.15154 
0.880904 0.0204552 -0.472853 -1.23925 -0.0245546 0.999695 -0.00249816 -0.092831 0.472658 0.0138114 0.881138 3.34376 
0.859641 0.0161066 -0.510644 -1.38398 -0.0215928 0.999755 -0.00481628 -0.10154 0.510442 0.0151665 0.859779 3.53731 
0.83482 0.0147224 -0.550326 -1.54722 -0.0198532 0.999797 -0.00336973 -0.101186 0.550164 0.0137388 0.834943 3.72839 
0.806351 0.0193774 -0.59112 -1.74084 -0.0225355 0.999744 0.00203156 -0.109964 0.591008 0.011683 0.806581 3.90653 
0.804701 0.0211551 -0.593303 -2.00581 -0.0201634 0.999762 0.00830032 -0.133239 0.593338 0.00528373 0.804936 3.87612 
0.771287 0.0209219 -0.636144 -2.21121 -0.0203408 0.999759 0.00821868 -0.13659 0.636162 0.00660069 0.771527 4.05838 
0.733923 0.0149006 -0.679069 -2.42444 -0.0161687 0.999859 0.00446469 -0.133918 0.67904 0.00770295 0.734061 4.24303 
0.692725 0.0102015 -0.721129 -2.6486 -0.0132974 0.999911 0.00137162 -0.130921 0.721079 0.008639 0.692799 4.43314 
0.650646 0.00892189 -0.759329 -2.90316 -0.0112736 0.999934 0.00208896 -0.132257 0.759297 0.00720116 0.650704 4.59902 
0.602971 0.00697661 -0.797732 -3.16845 -0.00927127 0.999956 0.00173741 -0.125055 0.797709 0.00634838 0.603009 4.77308 
0.553233 0.00511652 -0.833011 -3.45556 -0.00704129 0.999974 0.00146567 -0.130741 0.832997 0.00505462 0.553255 4.92884 
0.502102 0.00471339 -0.864796 -3.76083 -0.00570675 0.999981 0.00213684 -0.126612 0.86479 0.00386227 0.50212 5.07216 
0.448746 0.00476288 -0.893647 -4.08933 -0.00414836 0.999986 0.00324653 -0.11879 0.89365 0.00225029 0.44876 5.2027 
0.394455 0.00489838 -0.918902 -4.44 -0.00219748 0.999988 0.00438731 -0.122144 0.918913 0.000288673 0.394461 5.30802 
0.341128 0.00506704 -0.940003 -4.81155 0.00108939 0.999983 0.0057857 -0.122082 0.940016 -0.00299769 0.341116 5.40084 
0.288626 0.00423638 -0.957433 -5.19637 0.00338066 0.999979 0.00544377 -0.115156 0.957436 -0.00480797 0.288606 5.47851 
0.238431 0.00411892 -0.971151 -5.59389 0.00390833 0.999979 0.00520073 -0.106243 0.971152 -0.00503559 0.238409 5.55065 
0.191282 0.00626524 -0.981515 -6.0131 0.00480661 0.999962 0.00731972 -0.122646 0.981523 -0.0061179 0.191245 5.5886 
0.149596 0.00943191 -0.988702 -6.44951 0.00493813 0.999935 0.0102862 -0.13708 0.988735 -0.00642112 0.14954 5.60791 
0.112513 0.011904 -0.993579 -6.89963 0.00318458 0.999919 0.0123406 -0.138521 0.993645 -0.00455261 0.112466 5.61941 
0.0782479 0.0121613 -0.99686 -7.36415 0.000397341 0.999925 0.0122299 -0.135576 0.996934 -0.00135306 0.0782372 5.62903 
0.0476748 0.0125891 -0.998784 -7.84161 -0.0025247 0.999919 0.0124829 -0.136406 0.99886 0.00192651 0.0477027 5.62148 
0.0210381 0.0139517 -0.999681 -8.33683 -0.00477094 0.999893 0.0138543 -0.130686 0.999767 0.00447795 0.0211024 5.60447 
0.000650511 0.0169592 -0.999856 -8.84682 -0.00734456 0.999829 0.016954 -0.121768 0.999973 0.00733247 0.000774958 5.5894 
-0.0154892 0.0170372 -0.999735 -9.37548 -0.00829564 0.999818 0.0171671 -0.108949 0.999846 0.00855934 -0.015345 5.56086 
-0.0286089 0.0160964 -0.999461 -9.92012 -0.00767756 0.999837 0.0163222 -0.104663 0.999561 0.00814039 -0.0284806 5.53506 
-0.0379449 0.0183981 -0.99911 -10.4778 -0.00625182 0.999807 0.0186483 -0.102373 0.99926 0.00695387 -0.0378225 5.49283 
-0.0448257 0.0194154 -0.998806 -11.053 -0.0049801 0.999794 0.0196581 -0.0936095 0.998982 0.00585534 -0.0447198 5.44631 
-0.0496387 0.018461 -0.998597 -11.6413 -0.00462193 0.999814 0.0187133 -0.074318 0.998757 0.00554434 -0.0495441 5.40468 
-0.0510427 0.015986 -0.998569 -12.2484 -0.00419023 0.99986 0.0162208 -0.0631037 0.998688 0.00501219 -0.0509685 5.37639 
-0.0500045 0.0121425 -0.998675 -12.8714 -0.00267632 0.999921 0.0122917 -0.0513862 0.998745 0.00328741 -0.0499681 5.35627 
-0.0482429 0.0135937 -0.998743 -13.5091 0.000132275 0.999907 0.0136032 -0.0610639 0.998836 0.000524148 -0.0482402 5.31138 
-0.0463314 0.0153894 -0.998808 -14.1626 0.00043147 0.999882 0.0153859 -0.0669322 0.998926 0.000281897 -0.0463326 5.26457 
-0.0444153 0.0164719 -0.998877 -14.8255 -0.0020512 0.99986 0.0165793 -0.0668103 0.999011 0.00278527 -0.0443753 5.20555 
-0.0432588 0.0164973 -0.998928 -15.5089 -0.00225624 0.999859 0.0166104 -0.0558475 0.999061 0.00297237 -0.0432155 5.18464 
-0.0414365 0.0164536 -0.999006 -16.2086 0.000746946 0.999865 0.0164368 -0.0477585 0.999141 -6.5122e-05 -0.0414432 5.14964 
-0.037985 0.0178075 -0.99912 -16.9241 0.00455264 0.999834 0.0176472 -0.0444083 0.999268 -0.0038783 -0.0380597 5.09924 
-0.0383471 0.0172937 -0.999115 -17.6557 0.00646272 0.999834 0.0170581 -0.0406945 0.999244 -0.00580287 -0.0384525 5.11048 
-0.036255 0.0191646 -0.999159 -18.3968 0.00618317 0.999801 0.0189526 -0.0417291 0.999323 -0.00549084 -0.0363663 5.07475 
-0.0341908 0.02188 -0.999176 -19.1506 0.00327636 0.999757 0.0217806 -0.0315163 0.99941 -0.00252897 -0.0342542 5.02097 
-0.0328317 0.0224623 -0.999208 -19.9176 0.00263968 0.999746 0.0223876 -0.0205973 0.999457 -0.00190257 -0.0328826 5.00019 
-0.0311126 0.020311 -0.999309 -20.7037 0.00447752 0.999786 0.0201813 0.00168285 0.999506 -0.00384653 -0.0311969 4.96164 
-0.0303047 0.0178833 -0.999381 -21.4975 0.00635546 0.999823 0.0176985 0.00581969 0.999521 -0.00581518 -0.030413 4.94327 
-0.0286526 0.0172766 -0.99944 -22.2986 0.00767058 0.999825 0.0170633 0.00944762 0.99956 -0.00717737 -0.0287801 4.89618 
-0.0272509 0.0177715 -0.999471 -23.0983 0.0031558 0.999839 0.017692 0.00800145 0.999624 -0.00267201 -0.0273025 4.82667 
-0.0256447 0.0169681 -0.999527 -23.9046 -0.00425891 0.999845 0.0170827 0.0106368 0.999662 0.00469497 -0.0255685 4.77726 
-0.0266419 0.0136082 -0.999552 -24.7259 -0.0089627 0.999864 0.0138514 0.0165937 0.999605 0.00932771 -0.0265163 4.73637 
-0.0275321 0.0127939 -0.999539 -25.5577 -0.00831908 0.999881 0.0130274 0.0259527 0.999586 0.00867392 -0.0274224 4.73658 
-0.0279868 0.0126404 -0.999528 -26.4029 -0.000996081 0.999919 0.0126733 0.0283352 0.999608 0.0013503 -0.0279719 4.71729 
-0.0281926 0.0144816 -0.999498 -27.2516 0.00611782 0.999879 0.0143146 0.0279589 0.999584 -0.00571118 -0.0282778 4.68412 
-0.0263315 0.0169305 -0.99951 -28.0994 0.0108383 0.999803 0.0166499 0.0284534 0.999595 -0.0103946 -0.0265098 4.64161 
-0.0260273 0.0188686 -0.999483 -28.9465 0.0113477 0.999763 0.0185784 0.0238083 0.999597 -0.0108583 -0.0262353 4.59606 
-0.0258738 0.0182694 -0.999498 -29.7893 0.00774596 0.999807 0.0180745 0.0250128 0.999635 -0.00727442 -0.0260104 4.57611 
-0.0262402 0.0185361 -0.999484 -30.6292 0.00510151 0.999818 0.0184084 0.0307143 0.999643 -0.00461584 -0.0263299 4.54544 
-0.0260195 0.0205994 -0.999449 -31.4739 0.00645376 0.99977 0.020438 0.0314288 0.999641 -0.00591842 -0.0261464 4.52024 
-0.025703 0.0216714 -0.999435 -32.3152 0.00885691 0.999731 0.02145 0.0339672 0.99963 -0.00830058 -0.025888 4.48854 
-0.0252979 0.0223429 -0.99943 -33.1589 0.00756301 0.999726 0.0221581 0.0295676 0.999651 -0.00699815 -0.0254599 4.45898 
-0.0236132 0.023048 -0.999455 -33.992 0.00238788 0.999733 0.022998 0.0352466 0.999718 -0.00184352 -0.0236619 4.41384 
-0.0230827 0.0236077 -0.999455 -34.8274 -0.00231899 0.999717 0.0236674 0.0498996 0.999731 0.00286403 -0.0230214 4.36537 
-0.0227152 0.0230415 -0.999476 -35.6665 -0.00171107 0.999732 0.0230863 0.0649866 0.999741 0.00223459 -0.0226697 4.35415 
-0.0225716 0.021146 -0.999522 -36.5058 0.00116227 0.999776 0.0211251 0.0575015 0.999745 -0.00068489 -0.0225911 4.325 
-0.0214891 0.0213878 -0.99954 -37.3481 0.00591276 0.999756 0.0212653 0.0596391 0.999752 -0.00545307 -0.0216103 4.28688 
-0.0200848 0.020487 -0.999588 -38.1912 0.0117269 0.999726 0.0202542 0.0579561 0.99973 -0.0113152 -0.0203195 4.24824 
-0.0198811 0.0209458 -0.999583 -39.0285 0.0154201 0.999668 0.0206409 0.0541631 0.999683 -0.0150033 -0.0201975 4.24447 
-0.0198826 0.0194829 -0.999612 -39.8637 0.0147555 0.999707 0.0191913 0.0695245 0.999693 -0.0143683 -0.0201642 4.23828 
-0.0196577 0.0193443 -0.99962 -40.6963 0.0106266 0.99976 0.019138 0.0625982 0.99975 -0.0102464 -0.0198586 4.21049 
-0.0196163 0.0199874 -0.999608 -41.5258 0.00704802 0.999778 0.0198525 0.0461982 0.999783 -0.00665583 -0.0197528 4.20205 
-0.0202956 0.0238176 -0.99951 -42.3559 0.00496832 0.999706 0.0237214 0.0366607 0.999782 -0.00448445 -0.020408 4.2061 
-0.020257 0.026506 -0.999443 -43.1839 0.00350467 0.999644 0.0264403 0.0428652 0.999789 -0.00296712 -0.0203427 4.15472 
-0.0209351 0.0248111 -0.999473 -44.01 0.00140081 0.999692 0.0247872 0.051828 0.99978 -0.000881151 -0.0209634 4.1283 
-0.0198902 0.0215659 -0.99957 -44.8342 -0.00180831 0.999765 0.0216061 0.0447434 0.999801 0.00223729 -0.0198465 4.07258 
-0.0209348 0.0168406 -0.999639 -45.659 -0.0042024 0.999848 0.0169321 0.061921 0.999772 0.00455535 -0.0208608 4.07187 
-0.0228094 0.0165271 -0.999603 -46.4835 -0.000518726 0.999863 0.0165432 0.0569604 0.99974 0.00089586 -0.0227977 4.04265 
-0.0257282 0.0124656 -0.999591 -47.3098 0.00381714 0.999916 0.0123714 0.0763444 0.999662 -0.00349729 -0.0257737 4.01373 
-0.0281821 0.0106231 -0.999546 -48.1286 0.00724358 0.999919 0.0104229 0.0689785 0.999577 -0.00694656 -0.0282567 4.00493 
-0.0293524 0.0113266 -0.999505 -48.9409 0.00638098 0.999918 0.0111439 0.056735 0.999549 -0.00605072 -0.0294223 3.97628 
-0.0309877 0.0128866 -0.999437 -49.7466 0.00309097 0.999913 0.0127969 0.0436379 0.999515 -0.00269268 -0.0310248 3.94481 
-0.0311543 0.0183198 -0.999347 -50.5457 -0.000290402 0.999832 0.0183378 0.0389843 0.999515 0.000861512 -0.0311437 3.8877 
-0.0322437 0.0225571 -0.999225 -51.3457 -0.00113158 0.999744 0.0226053 0.0360106 0.999479 0.00185958 -0.0322099 3.85281 
-0.0331687 0.0237987 -0.999166 -52.1436 0.000472512 0.999717 0.0237961 0.0327079 0.99945 0.000317169 -0.0331706 3.82759 
-0.0359081 0.0220268 -0.999112 -52.9405 0.00213027 0.999756 0.0219645 0.0343784 0.999353 -0.00133967 -0.0359463 3.81781 
-0.0367633 0.023847 -0.999039 -53.7298 0.00180738 0.999715 0.0237966 0.0340265 0.999322 -0.000930805 -0.0367959 3.78347 
-0.0372131 0.0251872 -0.99899 -54.5151 0.00173248 0.999682 0.0251401 0.03718 0.999306 -0.000795184 -0.037245 3.74942 
-0.0400991 0.0234367 -0.998921 -55.2977 0.00331267 0.999723 0.0233225 0.0415213 0.99919 -0.00237389 -0.0401656 3.74498 
-0.0406353 0.0225293 -0.99892 -56.0759 0.00596935 0.999733 0.0223048 0.0525195 0.999156 -0.00505654 -0.040759 3.72017 
-0.0409904 0.0216314 -0.998925 -56.8517 0.0101383 0.999723 0.0212327 0.0531889 0.999108 -0.00925702 -0.0411983 3.68375 
-0.0414068 0.022066 -0.998899 -57.6182 0.0122351 0.999692 0.0215764 0.0473461 0.999067 -0.0113282 -0.0416641 3.6407 
-0.042413 0.0218301 -0.998862 -58.3776 0.012346 0.999696 0.0213241 0.0463315 0.999024 -0.0114275 -0.0426697 3.62728 
-0.0432186 0.0196569 -0.998872 -59.128 0.0100992 0.999764 0.0192375 0.0532863 0.999015 -0.00925635 -0.0434069 3.60246 
-0.0432202 0.0191011 -0.998883 -59.863 0.00628542 0.999803 0.0188467 0.0546526 0.999046 -0.00546384 -0.0433318 3.55315 
-0.0424542 0.0191334 -0.998915 -60.5918 0.0027069 0.999815 0.0190356 0.0634609 0.999095 -0.00189583 -0.0424981 3.51276 
-0.0419906 0.0201531 -0.998915 -61.3036 0.00134238 0.999797 0.0201145 0.052827 0.999117 -0.000496308 -0.0420091 3.4842 
-0.0399508 0.0222018 -0.998955 -62.0013 0.000775889 0.999754 0.0221885 0.0543753 0.999201 0.000111371 -0.0399582 3.45746 
-0.0353688 0.0227795 -0.999115 -62.6838 0.00308993 0.999738 0.0226843 0.0396358 0.99937 -0.00228488 -0.03543 3.45277 
-0.0291991 0.0218563 -0.999335 -63.3504 0.00478273 0.999753 0.0217257 0.0370238 0.999562 -0.00414518 -0.0292964 3.42048 
-0.0225988 0.0208268 -0.999528 -64.002 0.00644947 0.999765 0.0206859 0.0299905 0.999724 -0.00597894 -0.0227278 3.41763 
-0.0140003 0.022539 -0.999648 -64.6383 0.00777842 0.999718 0.0224316 0.0194598 0.999872 -0.00746164 -0.0141716 3.42049 
-0.00286109 0.0241592 -0.999704 -65.2587 0.00932972 0.999665 0.0241315 0.0247563 0.999952 -0.00925792 -0.00308553 3.42011 
0.0117716 0.0257968 -0.999598 -65.8592 0.0110992 0.999602 0.0259276 0.0271552 0.999869 -0.0113999 0.0114806 3.4621 
0.0302827 0.0265737 -0.999188 -66.4432 0.0122032 0.999562 0.0269535 0.0333743 0.999467 -0.0130096 0.0299452 3.48309 
0.0534056 0.0264133 -0.998224 -67.0044 0.0128965 0.999548 0.0271383 0.0371602 0.99849 -0.0143229 0.0530408 3.50202 
0.0789295 0.026062 -0.996539 -67.5404 0.0130927 0.999545 0.0271776 0.0356226 0.996794 -0.0151925 0.0785524 3.57199 
0.107884 0.0221252 -0.993917 -68.0506 0.0131696 0.999633 0.0236819 0.0393116 0.994076 -0.0156444 0.107553 3.65109 
0.142682 0.019438 -0.989578 -68.5408 0.0138315 0.99967 0.0216306 0.0406454 0.989672 -0.0167736 0.142366 3.73167 
0.182312 0.0170193 -0.983093 -69.0153 0.0151346 0.999683 0.0201132 0.0347114 0.983124 -0.0185456 0.181996 3.80485 
0.222394 0.0144262 -0.97485 -69.4578 0.0158555 0.999705 0.0184111 0.0281596 0.974828 -0.0195512 0.222099 3.93773 
0.266623 0.011035 -0.963738 -69.8964 0.0177923 0.999708 0.0163692 0.0249253 0.963637 -0.0215115 0.266349 4.08753 
0.31392 0.00471185 -0.949438 -70.3142 0.0191486 0.999753 0.0112928 0.0215754 0.949256 -0.0217255 0.313752 4.25228 
0.363888 -0.00583265 -0.931424 -70.7254 0.020495 0.999788 0.00174621 0.0114011 0.931217 -0.019725 0.36393 4.43728 
0.415143 -0.0134296 -0.909657 -71.115 0.0201182 0.999782 -0.00557875 0.0052914 0.909534 -0.0159847 0.415322 4.63709 
0.465422 -0.0215484 -0.884826 -71.484 0.0213006 0.999687 -0.0131414 0.00228791 0.884832 -0.0127311 0.465736 4.88669 
0.516558 -0.0232439 -0.855937 -71.8527 0.022268 0.999658 -0.0137081 -0.0215509 0.855963 -0.011979 0.516899 5.11661 
0.562488 -0.0257738 -0.826403 -72.1925 0.0223849 0.999622 -0.0159399 -0.0139288 0.826502 -0.00953295 0.562853 5.39793 
0.605446 -0.0355752 -0.795091 -72.4981 0.0287059 0.999327 -0.0228544 -0.0222025 0.795369 -0.00898669 0.606059 5.71448 
0.647164 -0.0490685 -0.76077 -72.7946 0.0362753 0.998778 -0.0335614 -0.0197526 0.761487 -0.00587743 0.648153 6.02591 
0.685281 -0.0524269 -0.726389 -73.0491 0.0356064 0.998625 -0.038484 -0.0439516 0.727408 0.000508247 0.686205 6.3687 
0.723712 -0.04778 -0.688447 -73.3052 0.0282169 0.998815 -0.0396581 -0.0930464 0.689526 0.00927515 0.724202 6.69433 
0.761589 -0.0442672 -0.646547 -73.5534 0.0178506 0.998719 -0.0473526 -0.108389 0.647815 0.0245219 0.761403 7.04725 
0.79804 -0.0385854 -0.601367 -73.7865 0.0086067 0.998576 -0.05265 -0.116706 0.602543 0.036841 0.797236 7.41804 
0.831785 -0.0348978 -0.554 -73.9935 0.0053574 0.99848 -0.054853 -0.142727 0.555073 0.0426579 0.830707 7.83251 
0.864099 -0.0322741 -0.502287 -74.2292 0.00360037 0.998313 -0.0579522 -0.151177 0.503309 0.048268 0.862757 8.25046 
0.893012 -0.0237341 -0.449406 -74.4634 -0.00262012 0.998317 -0.0579297 -0.176492 0.450025 0.0529094 0.891447 8.6763 
0.9162 -0.018844 -0.400279 -74.6408 -0.00394794 0.998421 -0.0560393 -0.223235 0.400703 0.0529234 0.914678 9.15494 
0.93482 -0.00951622 -0.354995 -74.8162 -0.009929 0.99855 -0.0529141 -0.259211 0.354984 0.0529899 0.933369 9.6472 
0.950088 -0.00102867 -0.311981 -74.9908 -0.0159712 0.998523 -0.0519299 -0.29854 0.311574 0.0543206 0.948668 10.1581 
0.961308 0.00596394 -0.27541 -75.132 -0.0202202 0.998596 -0.0489533 -0.335001 0.274732 0.0526281 0.96008 10.7005 
0.96916 0.00620633 -0.246356 -75.241 -0.0183128 0.998733 -0.0468818 -0.373418 0.245753 0.0499474 0.968045 11.2654 
0.975138 0.00625229 -0.221509 -75.3647 -0.0167329 0.998826 -0.0454696 -0.403739 0.220965 0.0480457 0.974098 11.8467 
0.979742 0.00847701 -0.200083 -75.4902 -0.0175676 0.99889 -0.0437025 -0.433537 0.199491 0.0463322 0.978804 12.4437 
0.98307 0.0128723 -0.182778 -75.576 -0.0206003 0.998969 -0.0404453 -0.476917 0.182069 0.0435258 0.982322 13.065 
0.985831 0.0182106 -0.16675 -75.6884 -0.024953 0.99895 -0.0384286 -0.503771 0.165875 0.042045 0.98525 13.6961 
0.988007 0.022188 -0.152809 -75.8191 -0.0281306 0.998925 -0.0368374 -0.532266 0.151827 0.0406942 0.987569 14.3396 
0.989968 0.0228503 -0.139434 -75.9123 -0.0282504 0.998921 -0.0368728 -0.569983 0.138441 0.0404419 0.989545 15.0029 
0.991659 0.0232933 -0.126765 -75.9484 -0.0282366 0.998904 -0.0373398 -0.594789 0.125756 0.0406078 0.99123 15.6875 
0.993402 0.0234239 -0.112269 -76.0187 -0.0277223 0.998935 -0.0368798 -0.619738 0.111286 0.0397488 0.992993 16.3848 
0.994773 0.0250114 -0.0990012 -76.07 -0.0286769 0.998948 -0.0357767 -0.658069 0.0980023 0.0384288 0.994444 17.0989 
0.99594 0.0262052 -0.0861261 -76.1328 -0.029594 0.998828 -0.0383083 -0.696037 0.0850212 0.0407015 0.995547 17.8198 
0.996894 0.0278211 -0.0736827 -76.2373 -0.0311081 0.998554 -0.0438451 -0.726708 0.0723563 0.046001 0.996317 18.55 
0.997547 0.0273177 -0.0644532 -76.2876 -0.0306045 0.998251 -0.0505715 -0.754973 0.062959 0.05242 0.996639 19.2945 
0.997757 0.0304731 -0.0596003 -76.2153 -0.0334847 0.998178 -0.0502028 -0.842923 0.0579619 0.0520859 0.996959 20.0488 
0.998032 0.0318642 -0.0540057 -76.2381 -0.0342443 0.998456 -0.0437345 -0.886817 0.0525287 0.0454978 0.997582 20.823 
0.998171 0.0355836 -0.0488687 -76.289 -0.0373291 0.99868 -0.0352817 -0.934405 0.0475487 0.0370414 0.998182 21.5992 
0.998327 0.0357796 -0.0454113 -76.3244 -0.0372335 0.998807 -0.0315845 -0.972748 0.044227 0.0332225 0.998469 22.3749 
0.998551 0.0336135 -0.0420339 -76.3656 -0.0350125 0.998842 -0.0330003 -0.999283 0.0408759 0.0344242 0.998571 23.1427 
0.99864 0.0348899 -0.0387472 -76.3821 -0.0361958 0.998782 -0.0335288 -1.05219 0.0375302 0.0348857 0.998686 23.911 
0.998793 0.0334697 -0.0359613 -76.4019 -0.034599 0.998913 -0.031252 -1.09458 0.0348762 0.0324585 0.998864 24.683 
0.998951 0.0316575 -0.0330822 -76.4219 -0.0326062 0.999061 -0.0285439 -1.13829 0.0321475 0.0295927 0.999045 25.4542 
0.999103 0.0298037 -0.0300917 -76.4336 -0.0306041 0.99918 -0.0264962 -1.17664 0.0292773 0.0273933 0.999196 26.2264 
0.99921 0.0296139 -0.0264965 -76.4483 -0.0303879 0.999109 -0.0293023 -1.22628 0.0256052 0.0300843 0.999219 26.9896 
0.999167 0.0323896 -0.0248309 -76.479 -0.0332832 0.998781 -0.0364619 -1.26031 0.0236196 0.0372579 0.999027 27.7508 
0.999178 0.0337242 -0.0225134 -76.5048 -0.0347033 0.998401 -0.044616 -1.29716 0.0209728 0.0453606 0.99875 28.5116 
0.99918 0.0341479 -0.0217587 -76.5363 -0.0351868 0.998164 -0.0493031 -1.33347 0.0200351 0.0500283 0.998547 29.269 
0.999148 0.0360999 -0.0200065 -76.5598 -0.0370211 0.998172 -0.0477649 -1.37922 0.0182456 0.0484649 0.998658 30.0366 
0.999061 0.0396945 -0.0173784 -76.6059 -0.040419 0.998234 -0.0435393 -1.43742 0.0156194 0.0442009 0.998901 30.7947 
0.998928 0.0437243 -0.0151792 -76.661 -0.0442784 0.998284 -0.0383154 -1.49376 0.0134779 0.0389465 0.99915 31.5518 
0.999016 0.0418709 -0.0146254 -76.65 -0.0423926 0.998401 -0.0373983 -1.52866 0.0130361 0.0379815 0.999193 32.3056 
0.999166 0.0386019 -0.0133287 -76.6576 -0.0390756 0.998539 -0.0373223 -1.57539 0.0118685 0.0378119 0.999214 33.0543 
0.999265 0.0369077 -0.0104036 -76.6754 -0.0372675 0.998627 -0.036818 -1.62319 0.00903047 0.0371786 0.999268 33.8062 
0.999303 0.0361529 -0.00926844 -76.6858 -0.0364841 0.998593 -0.0384738 -1.6672 0.00786447 0.0387851 0.999217 34.5593 
0.999315 0.03643 -0.00653218 -76.7132 -0.0366631 0.998524 -0.0400661 -1.69993 0.00506293 0.0402781 0.999176 35.3151 
0.999437 0.0328234 -0.00690718 -76.724 -0.0330734 0.998657 -0.0398732 -1.73822 0.00558913 0.0400792 0.999181 36.0784 
0.999304 0.0369515 -0.00509451 -76.7617 -0.0371229 0.998544 -0.0391478 -1.77586 0.00364052 0.0393097 0.99922 36.8452 
0.999291 0.037324 -0.00489727 -76.7695 -0.0374906 0.998492 -0.0400908 -1.81766 0.00339354 0.040246 0.999184 37.616 
0.99929 0.0371385 -0.00633053 -76.7814 -0.0373674 0.99846 -0.0409974 -1.84717 0.0047982 0.0412048 0.999139 38.3933 
0.999342 0.0354142 -0.00783423 -76.7993 -0.0357044 0.998534 -0.0406731 -1.89146 0.00638234 0.0409261 0.999142 39.1783 
0.999279 0.0365229 -0.0103716 -76.8508 -0.0369191 0.998477 -0.0409975 -1.92789 0.00885847 0.0413509 0.999105 39.9641 
0.999057 0.0417214 -0.0119858 -76.895 -0.0421854 0.998248 -0.0414953 -1.98909 0.0102336 0.0419618 0.999067 40.7593 
0.999099 0.0402598 -0.0134651 -76.954 -0.0408488 0.99807 -0.0467813 -2.01108 0.0115557 0.0472891 0.998814 41.5536 
0.999015 0.0415379 -0.015635 -76.9831 -0.042281 0.997821 -0.050651 -2.05135 0.013497 0.0512622 0.998594 42.3526 
0.999002 0.0414933 -0.016529 -77.0381 -0.0423065 0.997733 -0.0523356 -2.10216 0.0143199 0.0529826 0.998493 43.1624 
0.999048 0.0394768 -0.0185915 -77.0645 -0.0403876 0.997858 -0.0514669 -2.12527 0.0165199 0.0521687 0.998502 43.983 
0.99924 0.032815 -0.0210499 -77.1117 -0.0338804 0.99805 -0.0524336 -2.13484 0.0192882 0.0531069 0.998403 44.8147 
0.999245 0.031976 -0.0220707 -77.1426 -0.0330615 0.998166 -0.05071 -2.18591 0.0204087 0.0514014 0.99847 45.651 
0.999309 0.0274038 -0.0251263 -77.1602 -0.0285763 0.99846 -0.0475585 -2.21738 0.0237844 0.0482436 0.998552 46.4968 
0.999304 0.0266298 -0.0261287 -77.1901 -0.0277354 0.998694 -0.0429066 -2.27212 0.024952 0.0436014 0.998737 47.3482 
0.999321 0.0267652 -0.0253174 -77.2256 -0.0277832 0.998783 -0.0407511 -2.32483 0.0241959 0.0414268 0.998849 48.2031 
0.999244 0.0314012 -0.0229157 -77.2729 -0.0323148 0.998651 -0.040648 -2.38558 0.0216083 0.0413578 0.998911 49.0627 
0.999295 0.0311029 -0.0210412 -77.2957 -0.0319643 0.998609 -0.0419244 -2.42885 0.019708 0.0425674 0.998899 49.925 
0.999399 0.0286726 -0.0194975 -77.3169 -0.0295106 0.998589 -0.0441448 -2.47962 0.0182043 0.0446936 0.998835 50.7897 
0.999551 0.0245675 -0.0171745 -77.3293 -0.0253343 0.998622 -0.0459551 -2.52675 0.0160218 0.0463696 0.998796 51.6592 
0.999616 0.0232244 -0.0151302 -77.348 -0.0238988 0.998654 -0.0460359 -2.57976 0.0140407 0.0463798 0.998825 52.5302 
0.999687 0.0203943 -0.0145006 -77.3586 -0.0210119 0.99882 -0.043794 -2.62952 0.0135903 0.0440849 0.998935 53.4082 
0.999744 0.0179408 -0.0137576 -77.3579 -0.0185053 0.998944 -0.0420633 -2.67179 0.0129884 0.0423071 0.99902 54.2868 
0.999777 0.0169158 -0.0126093 -77.3958 -0.0174211 0.999003 -0.0411013 -2.7339 0.0119015 0.0413119 0.999075 55.1593 
0.999762 0.0184922 -0.0116073 -77.4129 -0.0189882 0.998843 -0.0441806 -2.7971 0.0107769 0.0443905 0.998956 56.0268 
0.999651 0.023807 -0.011457 -77.4039 -0.0243824 0.998295 -0.0530261 -2.81553 0.0101751 0.0532869 0.998527 56.8876 
0.999588 0.0270048 -0.00976508 -77.4388 -0.027525 0.99795 -0.0577704 -2.89602 0.00818499 0.0580154 0.998282 57.7447 
0.999468 0.0314084 -0.00883437 -77.4627 -0.0319026 0.997512 -0.062871 -2.9667 0.00683771 0.0631193 0.997983 58.5968 
0.999447 0.0328591 -0.00516415 -77.5118 -0.033125 0.997348 -0.0648021 -3.01809 0.00302112 0.0649373 0.997885 59.45 
0.999537 0.0300348 -0.00494708 -77.5205 -0.0302751 0.997789 -0.0591597 -3.07792 0.0031593 0.059282 0.998236 60.3019 
0.999577 0.028403 -0.00628733 -77.5219 -0.0286831 0.998329 -0.0501721 -3.14467 0.00485179 0.0503312 0.998721 61.1583 
0.99964 0.0254638 -0.00845985 -77.5141 -0.0258088 0.998719 -0.0435281 -3.1828 0.00734062 0.0437307 0.999016 62.0112 
0.999679 0.0231709 -0.0102727 -77.5376 -0.0236398 0.99856 -0.0481591 -3.21477 0.00914198 0.0483865 0.998787 62.8478 
0.99978 0.0175474 -0.0115336 -77.5492 -0.0181171 0.998519 -0.0512999 -3.26779 0.0106164 0.0514976 0.998617 63.6777 
0.999782 0.0151902 -0.0143485 -77.5487 -0.0159209 0.998506 -0.052263 -3.33051 0.0135332 0.0524801 0.99853 64.5077 
0.999717 0.0162429 -0.0173834 -77.5804 -0.0171648 0.998379 -0.0542694 -3.39392 0.0164737 0.0545524 0.998375 65.3314 
0.999592 0.0151053 -0.0242547 -77.538 -0.0164916 0.99818 -0.0580135 -3.43574 0.0233342 0.0583898 0.998021 66.151 
0.999477 0.0177596 -0.0270185 -77.597 -0.0194018 0.997901 -0.0617847 -3.4977 0.0258645 0.0622766 0.997724 66.9642 
0.999299 0.0192107 -0.0321357 -77.6038 -0.02126 0.997679 -0.0646939 -3.57294 0.0308183 0.0653317 0.997388 67.773 
0.999051 0.0233578 -0.0367574 -77.6251 -0.025709 0.997564 -0.0648509 -3.63874 0.0351531 0.0657343 0.997218 68.5836 
0.998841 0.02618 -0.0403988 -77.6735 -0.0286959 0.9976 -0.0630076 -3.70838 0.0386523 0.0640938 0.997195 69.3913 
0.99861 0.0292976 -0.0438202 -77.7282 -0.0317515 0.997904 -0.0563938 -3.78468 0.0420761 0.0577067 0.997447 70.1973 
0.998488 0.028288 -0.0471376 -77.7999 -0.0306531 0.998267 -0.0502316 -3.85487 0.045635 0.0516006 0.997625 71.0005 
0.99834 0.0270398 -0.0508467 -77.874 -0.0294362 0.998462 -0.0469868 -3.90812 0.049498 0.0484055 0.997601 71.797 
0.99809 0.0264485 -0.0558203 -77.9416 -0.0290338 0.998518 -0.0460246 -3.96143 0.0545203 0.0475574 0.997379 72.5871 
0.997788 0.0227742 -0.0624487 -77.9757 -0.0254801 0.998755 -0.0428814 -4.00774 0.0613943 0.0443777 0.997127 73.3818 
0.997359 0.0228393 -0.0689465 -78.0358 -0.0258417 0.998742 -0.0429738 -4.05695 0.0678783 0.044642 0.996694 74.1659 
0.996791 0.0274804 -0.0751847 -78.1172 -0.0308239 0.99857 -0.0436772 -4.11321 0.0738769 0.0458545 0.996213 74.9407 
0.996214 0.0298641 -0.0816386 -78.1965 -0.0337428 0.998346 -0.0465508 -4.17617 0.0801134 0.0491293 0.995574 75.7112 
0.995622 0.0275661 -0.0893126 -78.2568 -0.0321115 0.99824 -0.0498626 -4.21747 0.0877808 0.0525123 0.994755 76.4797 
0.995053 0.028921 -0.0950443 -78.3376 -0.0337845 0.998179 -0.0499668 -4.28206 0.0934261 0.0529306 0.994218 77.2463 
0.994571 0.029842 -0.0996868 -78.4316 -0.034485 0.998383 -0.0451821 -4.32658 0.0981773 0.0483745 0.993993 78.0104 
0.993924 0.0288075 -0.106228 -78.5156 -0.033313 0.998608 -0.0408851 -4.37108 0.104902 0.0441754 0.993501 78.7749 
0.993233 0.0280569 -0.112702 -78.6092 -0.0326536 0.9987 -0.0391491 -4.41888 0.111457 0.0425643 0.992857 79.5316 
0.992396 0.0265868 -0.12018 -78.678 -0.0320141 0.998542 -0.0434566 -4.46734 0.11885 0.0469736 0.991801 80.2829 
0.991433 0.0266416 -0.127872 -78.789 -0.0333282 0.998171 -0.0504395 -4.51785 0.126294 0.0542691 0.990507 81.0244 
0.990303 0.0240769 -0.136824 -78.898 -0.0316267 0.998079 -0.0532758 -4.56239 0.135279 0.0570864 0.989162 81.7683 
0.988938 0.0225996 -0.146597 -79.0344 -0.0302396 0.998286 -0.0500974 -4.61861 0.145214 0.0539763 0.987927 82.5108 
0.986962 0.0208919 -0.159595 -79.1322 -0.028399 0.998588 -0.0449031 -4.6629 0.158431 0.04885 0.986161 83.2591 
0.984868 0.0212036 -0.172004 -79.2434 -0.0280086 0.998914 -0.0372326 -4.71265 0.171028 0.0414868 0.984392 84.0086 
0.982923 0.0218347 -0.182717 -79.3898 -0.0283693 0.999045 -0.0332261 -4.77024 0.181817 0.0378422 0.982604 84.7443 
0.980711 0.0257925 -0.193752 -79.5495 -0.0335331 0.998761 -0.0367776 -4.81545 0.192564 0.0425653 0.980361 85.4656 
0.978174 0.0267093 -0.206066 -79.701 -0.0369831 0.998249 -0.046167 -4.85078 0.204472 0.0527803 0.977448 86.1813 
0.975569 0.0240094 -0.218379 -79.8786 -0.0361109 0.998015 -0.0515935 -4.88599 0.216707 0.0582189 0.974499 86.8964 
0.97288 0.0215351 -0.230306 -80.061 -0.0332919 0.998327 -0.0472846 -4.93559 0.228903 0.0536696 0.971969 87.6237 
0.97028 0.0201831 -0.241141 -80.2699 -0.030759 0.998719 -0.0401738 -4.99001 0.240021 0.0463971 0.969658 88.3489 
0.967186 0.0176 -0.253458 -80.4738 -0.0275481 0.998981 -0.0357534 -5.03043 0.252571 0.0415625 0.966685 89.076 
0.963889 0.0144377 -0.265911 -80.6959 -0.0257128 0.99891 -0.0389691 -5.07042 0.265059 0.0443993 0.96321 89.7886 
0.960837 0.0156808 -0.27667 -80.9198 -0.0287678 0.998648 -0.0433062 -5.12597 0.275617 0.0495693 0.959989 90.498 
0.958112 0.0134114 -0.28608 -81.133 -0.0291358 0.998285 -0.0507792 -5.16205 0.284909 0.0569873 0.956859 91.213 
0.955806 0.0107317 -0.293803 -81.3522 -0.0285656 0.997995 -0.0564764 -5.21988 0.292608 0.0623732 0.954196 91.9247 
0.953403 0.0107049 -0.30151 -81.5606 -0.0297045 0.997845 -0.0585008 -5.26546 0.300234 0.064731 0.951667 92.6466 
0.950851 0.0146549 -0.309302 -81.8202 -0.0339562 0.99779 -0.0571116 -5.32246 0.307782 0.0648074 0.949247 93.3542 
0.948335 0.012011 -0.317043 -82.0726 -0.0311702 0.997976 -0.0554282 -5.37263 0.315735 0.0624468 0.94679 94.0609 
0.945632 0.00954693 -0.325099 -82.3284 -0.0272883 0.998374 -0.0500565 -5.42037 0.324092 0.0562064 0.944354 94.7756 
0.942817 0.00748139 -0.333228 -82.5703 -0.0236658 0.998727 -0.0445359 -5.45172 0.332471 0.0498753 0.941794 95.5001 
0.94018 0.0125885 -0.340445 -82.843 -0.0267817 0.998955 -0.0370229 -5.48521 0.339623 0.0439259 0.939535 96.2146 
0.937983 0.0224663 -0.345954 -83.1176 -0.0373211 0.998642 -0.0363365 -5.53697 0.344668 0.0469943 0.937548 96.9201 
0.935672 0.0219824 -0.352185 -83.3819 -0.0398649 0.998253 -0.0436032 -5.57941 0.350612 0.0548381 0.934914 97.6236 
0.934056 0.016889 -0.356726 -83.6484 -0.0379667 0.997916 -0.0521668 -5.62305 0.355102 0.0622704 0.932751 98.329 
0.932454 0.0173468 -0.360873 -83.9044 -0.0388382 0.997871 -0.0523868 -5.66841 0.359196 0.0628639 0.931143 99.0466 
0.930229 0.0214504 -0.366353 -84.2073 -0.0409999 0.998115 -0.0456645 -5.72715 0.364683 0.0574989 0.929355 99.7569 
0.927342 0.0211527 -0.373617 -84.4747 -0.0391163 0.998411 -0.0405632 -5.78839 0.372165 0.0522305 0.926696 100.481 
0.925435 0.0179087 -0.378483 -84.7624 -0.0373671 0.998327 -0.044129 -5.83418 0.377059 0.0549813 0.924556 101.197 
0.923314 0.0173248 -0.383655 -85.0627 -0.0396261 0.997948 -0.0503008 -5.88213 0.381996 0.0616462 0.922106 101.898 
0.921599 0.0176466 -0.387743 -85.3951 -0.0428117 0.997492 -0.056359 -5.91772 0.385776 0.0685403 0.920043 102.587 
0.919279 0.0177513 -0.393206 -85.6806 -0.043673 0.997414 -0.057075 -5.97123 0.391176 0.0696403 0.917677 103.298 
0.917403 0.0153679 -0.397663 -85.9958 -0.0402233 0.997718 -0.0542371 -6.00928 0.395922 0.0657526 0.915927 104.007 
0.91529 0.015961 -0.402478 -86.2861 -0.0403514 0.997821 -0.0521941 -6.06674 0.400768 0.0640133 0.91394 104.72 
0.913085 0.016958 -0.407417 -86.5984 -0.0413066 0.997842 -0.0510412 -6.11912 0.405672 0.0634339 0.911815 105.42 
0.911652 0.0180139 -0.410568 -86.9519 -0.043079 0.997724 -0.0518798 -6.17918 0.408699 0.0649832 0.910353 106.096 
0.909798 0.0160622 -0.414741 -87.2699 -0.0419715 0.997689 -0.0534322 -6.22956 0.412924 0.0660198 0.90837 106.786 
0.907677 0.0143021 -0.419425 -87.5854 -0.0405408 0.997733 -0.0537123 -6.28182 0.417706 0.0657573 0.9062 107.476 
0.905466 0.0150429 -0.424153 -87.9104 -0.0413417 0.997745 -0.052869 -6.33344 0.422401 0.0654063 0.904046 108.161 
0.903347 0.0147161 -0.428659 -88.2348 -0.0413084 0.99775 -0.0527993 -6.39448 0.426918 0.0654033 0.901922 108.839 
0.901202 0.0133106 -0.433195 -88.5697 -0.0418641 0.997528 -0.0564418 -6.46081 0.431373 0.0690008 0.899531 109.5 
0.897473 0.0120198 -0.440906 -88.8048 -0.0432965 0.997202 -0.0609456 -6.52329 0.43894 0.0737867 0.895482 110.199 
0.896218 0.011692 -0.443461 -89.1716 -0.0443826 0.997 -0.0634092 -6.57985 0.441389 0.0765104 0.894048 110.833 
0.894338 0.0118645 -0.447236 -89.4964 -0.0432865 0.997253 -0.0601044 -6.63418 0.445294 0.0731129 0.892394 111.499 
0.892017 0.008984 -0.451912 -89.8138 -0.0372897 0.997857 -0.0537679 -6.67054 0.45046 0.0648135 0.890441 112.163 
0.890006 0.00762477 -0.455885 -90.1148 -0.0323214 0.9984 -0.0464013 -6.73185 0.454801 0.0560323 0.888828 112.824 
0.888367 0.00638022 -0.459089 -90.3975 -0.0293527 0.998647 -0.0429205 -6.79165 0.458195 0.0516047 0.887353 113.475 
0.887081 0.00312986 -0.461604 -90.7273 -0.0269276 0.998625 -0.0449765 -6.83676 0.460829 0.0523277 0.885945 114.086 
0.885556 0.00334397 -0.464521 -91.0469 -0.0287205 0.998455 -0.0475646 -6.89918 0.463645 0.0554623 0.884284 114.677 
0.883526 0.00185151 -0.468379 -91.3323 -0.0289985 0.99829 -0.050755 -6.93992 0.467484 0.0584257 0.882069 115.272 
0.881567 0.000288633 -0.472059 -91.6153 -0.0282093 0.998245 -0.0520703 -6.9922 0.471216 0.0592199 0.880028 115.852 
0.880706 -0.00202425 -0.473658 -91.9305 -0.0267271 0.998185 -0.0539614 -7.02158 0.472908 0.0601837 0.879054 116.393 
0.879448 -0.0019184 -0.475991 -92.2273 -0.0261289 0.99829 -0.0522996 -7.08521 0.475277 0.058432 0.877894 116.922 
0.878337 -0.00156433 -0.47804 -92.5104 -0.0251091 0.998463 -0.049402 -7.1581 0.477383 0.0553948 0.876948 117.433 
0.877089 -0.0040434 -0.480311 -92.7857 -0.0230363 0.99846 -0.0504715 -7.18664 0.479775 0.0553326 0.875645 117.924 
0.875363 -0.00593884 -0.483429 -93.0236 -0.0211597 0.998496 -0.0505809 -7.23889 0.483003 0.0545059 0.873921 118.405 
0.874043 -0.00726121 -0.485794 -93.2693 -0.0207946 0.998413 -0.0523372 -7.2722 0.485403 0.0558469 0.872505 118.855 
0.871434 -0.00646278 -0.49047 -93.4621 -0.0235317 0.998211 -0.0549627 -7.30737 0.489947 0.059438 0.869723 119.309 
0.870783 -0.00665114 -0.491623 -93.7122 -0.02493 0.998025 -0.0576594 -7.35954 0.491035 0.062465 0.868897 119.704 
0.869501 -0.00960517 -0.493837 -93.9552 -0.0234227 0.997884 -0.0606494 -7.39565 0.493375 0.0643018 0.867437 120.083 
0.867295 -0.0143423 -0.497588 -94.1721 -0.0193114 0.997863 -0.0624217 -7.42477 0.49742 0.0637471 0.865165 120.461 
0.863313 -0.0153419 -0.504436 -94.378 -0.0183929 0.997917 -0.0618289 -7.44341 0.504334 0.0626557 0.861232 120.822 
0.861369 -0.0119814 -0.507838 -94.6228 -0.0204116 0.998098 -0.0581692 -7.48305 0.507569 0.060471 0.859487 121.134 
0.858097 -0.00783723 -0.513428 -94.8233 -0.0222441 0.998378 -0.0524165 -7.50784 0.513006 0.0563992 0.85653 121.456 
0.85442 -0.00604523 -0.519548 -95.0165 -0.0206101 0.998751 -0.0455152 -7.53396 0.519174 0.049597 0.853228 121.762 
0.851292 -0.00734092 -0.524642 -95.2205 -0.016831 0.999005 -0.0412886 -7.57448 0.524423 0.0439789 0.850321 122.031 
0.846008 -0.0120355 -0.533035 -95.381 -0.0125772 0.999017 -0.0425188 -7.59418 0.533023 0.0426753 0.845024 122.303 
0.839595 -0.015619 -0.542989 -95.5474 -0.00940711 0.999019 -0.0432823 -7.6171 0.543132 0.0414475 0.838624 122.554 
0.830838 -0.0187833 -0.556198 -95.6943 -0.00635894 0.999045 -0.0432375 -7.64485 0.556479 0.0394602 0.829924 122.797 
0.821442 -0.01915 -0.569971 -95.8568 -0.00577618 0.999105 -0.0418928 -7.67258 0.570263 0.0377047 0.820596 123.011 
0.811243 -0.0179782 -0.584433 -96.0307 -0.00822785 0.999077 -0.0421544 -7.6782 0.584651 0.0390061 0.810346 123.196 
0.796976 -0.0185496 -0.603726 -96.1685 -0.0101835 0.998974 -0.044137 -7.69519 0.603925 0.0413242 0.795969 123.396 
0.782833 -0.0177465 -0.621979 -96.3196 -0.0141387 0.998828 -0.046294 -7.724 0.622071 0.0450345 0.781664 123.564 
0.768585 -0.0183526 -0.639485 -96.4677 -0.0175857 0.998605 -0.0497949 -7.74106 0.639506 0.0495174 0.76719 123.719 
0.754777 -0.0154956 -0.655798 -96.635 -0.0228991 0.998489 -0.0499482 -7.76243 0.655581 0.0527169 0.753282 123.851 
0.739469 -0.00981213 -0.673119 -96.7975 -0.0297572 0.99844 -0.0472447 -7.77585 0.672533 0.0549661 0.738023 123.994 
0.722728 -0.00849895 -0.69108 -96.9546 -0.031893 0.998449 -0.0456325 -7.78594 0.690396 0.0550205 0.721336 124.138 
0.705573 -0.0125394 -0.708526 -97.1229 -0.0284553 0.998536 -0.0460088 -7.80509 0.708065 0.0526239 0.704183 124.278 
0.686647 -0.016922 -0.726794 -97.2899 -0.0257974 0.998532 -0.0476212 -7.81002 0.726533 0.0514484 0.685203 124.419 
0.6654 -0.017284 -0.746287 -97.4624 -0.0259485 0.998592 -0.0462634 -7.81114 0.746036 0.0501487 0.664015 124.544 
0.639797 -0.0154616 -0.768388 -97.63 -0.026215 0.998777 -0.0419254 -7.82143 0.768097 0.0469671 0.638609 124.685 
0.61586 -0.0140364 -0.787731 -97.8081 -0.0256728 0.998953 -0.0378716 -7.82832 0.787437 0.0435469 0.614855 124.802 
0.592172 -0.0118911 -0.805724 -98 -0.0278004 0.998994 -0.0351755 -7.82004 0.805332 0.0432294 0.591246 124.903 
0.568966 -0.00922843 -0.822309 -98.2027 -0.0285258 0.999114 -0.03095 -7.83371 0.821866 0.0410666 0.568199 124.978 
0.543566 -0.00508166 -0.839351 -98.3947 -0.0297704 0.999236 -0.025329 -7.8449 0.838839 0.0387559 0.542999 125.064 
0.516003 -0.00309429 -0.856581 -98.5911 -0.0306359 0.999287 -0.0220648 -7.85207 0.856039 0.0376276 0.51554 125.156 
0.486629 -0.00518559 -0.873593 -98.7899 -0.0296915 0.999306 -0.0224713 -7.87318 0.873104 0.0368735 0.486138 125.247 
0.455756 -0.00516402 -0.89009 -98.9994 -0.0342784 0.99914 -0.0233484 -7.8739 0.889444 0.041152 0.455187 125.323 
0.423023 -0.00702231 -0.906092 -99.2399 -0.0388168 0.998912 -0.0258639 -7.87801 0.905287 0.0461126 0.42229 125.397 
0.385829 -0.00752908 -0.92254 -99.4916 -0.0427602 0.998746 -0.0260344 -7.8761 0.921579 0.0494928 0.385023 125.46 
0.347059 -0.00637918 -0.937822 -99.7749 -0.0473267 0.998584 -0.0243066 -7.85918 0.936648 0.0528199 0.346265 125.516 
0.304823 -0.00562482 -0.952393 -100.071 -0.0533922 0.998309 -0.0229847 -7.83366 0.950911 0.0578566 0.304007 125.579 
0.25887 -0.00810453 -0.965878 -100.373 -0.05703 0.998092 -0.0236598 -7.82487 0.964227 0.0612089 0.257914 125.626 
0.211145 -0.00782502 -0.977423 -100.703 -0.0628877 0.997787 -0.0215732 -7.79173 0.97543 0.066023 0.210186 125.669 
0.158493 -0.011429 -0.987294 -101.047 -0.0683673 0.997406 -0.0225213 -7.75245 0.98499 0.071068 0.157301 125.726 
0.103481 -0.0148544 -0.99452 -101.386 -0.0732767 0.997057 -0.0225169 -7.70858 0.991928 0.0752053 0.102088 125.766 
0.0552657 -0.0175811 -0.998317 -101.754 -0.0749014 0.996955 -0.0217036 -7.66662 0.995658 0.0759748 0.0537806 125.711 
0.00550111 -0.0251455 -0.999669 -102.119 -0.073436 0.996974 -0.0254818 -7.66864 0.997285 0.0735518 0.00363788 125.651 
-0.0481186 -0.0323889 -0.998316 -102.513 -0.0718529 0.996997 -0.0288828 -7.67524 0.996254 0.0703421 -0.0503013 125.603 
-0.102996 -0.0390915 -0.993913 -102.919 -0.0696421 0.997059 -0.0319984 -7.69218 0.992241 0.0659225 -0.105416 125.543 
-0.155128 -0.0429431 -0.986961 -103.319 -0.0686667 0.997107 -0.0325918 -7.70043 0.985505 0.0627155 -0.157628 125.457 
-0.204044 -0.0448197 -0.977935 -103.738 -0.0695254 0.997092 -0.0311914 -7.68793 0.97649 0.0616269 -0.206567 125.334 
-0.252437 -0.049533 -0.966345 -104.167 -0.0706134 0.996969 -0.0326565 -7.687 0.965033 0.0599932 -0.255169 125.192 
-0.29942 -0.0533435 -0.952629 -104.603 -0.0716229 0.996875 -0.0333094 -7.68612 0.95143 0.0582566 -0.302305 125.029 
-0.344349 -0.0620276 -0.93679 -105.052 -0.0711851 0.996668 -0.0398258 -7.72451 0.936139 0.0529715 -0.347617 124.834 
-0.387214 -0.0663144 -0.919602 -105.508 -0.0719489 0.996542 -0.0415674 -7.73437 0.919178 0.0500689 -0.390647 124.626 
-0.42648 -0.0674026 -0.901982 -105.972 -0.0714947 0.996612 -0.0406695 -7.74234 0.901667 0.0471422 -0.429854 124.38 
