1 0 0 0 0 1 0 0 0 0 1 0 
0.998984 0.000365553 0.0450606 0.0509543 -0.00025377 0.999997 -0.00248643 -0.00368956 -0.0450613 0.00247247 0.998981 1.00104 
0.995928 -0.00384151 0.0900691 0.158804 0.00454554 0.999961 -0.00761271 -0.011418 -0.0900363 0.00799112 0.995906 1.99497 
0.993501 0.00132294 0.113815 1.02844 0.000243227 0.999905 -0.0137456 -0.00687334 -0.113823 0.0136839 0.993407 2.49165 
0.990755 0.00627541 0.135517 1.82085 -0.00374337 0.999814 -0.018931 -0.0138467 -0.135611 0.0182487 0.990594 3.0912 
0.984815 0.00483633 0.173542 2.58859 -0.00138439 0.999799 -0.0200067 -0.0285498 -0.173603 0.0194627 0.984623 3.72954 
0.97607 0.00266665 0.217441 2.84867 0.00193226 0.999779 -0.0209347 -0.0613045 -0.217449 0.0208539 0.975849 4.68669 
0.96515 -0.00120284 0.261693 3.11493 0.0073224 0.999722 -0.0224106 -0.099471 -0.261594 0.0235458 0.964891 5.64072 
0.952811 -0.00384383 0.303539 3.45976 0.0117244 0.99964 -0.0241441 -0.112776 -0.303337 0.0265635 0.952513 6.56616 
0.937992 -0.00249975 0.346647 3.81623 0.0122037 0.999592 -0.0258138 -0.146101 -0.346441 0.0284436 0.937641 7.48631 
0.920837 -0.00153367 0.389944 4.1994 0.0124334 0.999599 -0.0254294 -0.177342 -0.389748 0.0282647 0.920488 8.39303 
0.90135 -0.000105291 0.433091 4.621 0.0124205 0.999595 -0.0256065 -0.219241 -0.432913 0.0284596 0.900986 9.27857 
0.879988 0.00151533 0.474993 5.11902 0.0121048 0.999599 -0.0256148 -0.24925 -0.474841 0.0282904 0.879617 10.1217 
0.856886 0.0010261 0.515504 5.6256 0.0145365 0.999552 -0.0261526 -0.273187 -0.5153 0.0299034 0.856488 10.9558 
0.831933 -0.000283253 0.554875 6.16975 0.017067 0.99954 -0.0250786 -0.319372 -0.554613 0.0303338 0.831555 11.763 
0.806245 -7.80264e-05 0.591582 6.74298 0.0199188 0.999437 -0.0270148 -0.32706 -0.591246 0.0335641 0.805792 12.5416 
0.778125 -0.00439734 0.628095 7.34625 0.024788 0.999411 -0.023712 -0.337106 -0.627621 0.0340201 0.777776 13.2991 
0.731418 -0.00339312 0.681921 6.94224 0.0266773 0.999365 -0.023641 -0.368629 -0.681407 0.0354833 0.731044 14.175 
0.696967 -0.00279264 0.717098 7.55805 0.0301162 0.999224 -0.0253794 -0.373346 -0.71647 0.0392849 0.69651 14.9123 
0.665206 -0.00677627 0.746629 8.40237 0.0355114 0.999114 -0.0225709 -0.37042 -0.745815 0.0415282 0.664858 15.3608 
0.630727 -0.0047907 0.77599 9.18428 0.037423 0.999005 -0.02425 -0.363443 -0.775102 0.044335 0.630279 15.9051 
0.596194 -0.00609533 0.802817 10.0363 0.0423018 0.998821 -0.0238311 -0.337395 -0.801725 0.0481686 0.595749 16.3288 
0.559016 -0.007245 0.829125 10.8757 0.0484799 0.998537 -0.0239609 -0.322897 -0.827738 0.0535904 0.558549 16.7795 
0.496672 -0.00558836 0.86792 10.5711 0.0532778 0.99829 -0.0240608 -0.298514 -0.866301 0.0581912 0.496121 17.6817 
0.4578 -0.0116353 0.888979 9.62985 0.0551429 0.998361 -0.0153302 -0.399645 -0.887343 0.0560391 0.457691 17.8445 
0.419727 -0.0116519 0.907576 10.4942 0.0570804 0.998277 -0.0135816 -0.426551 -0.905854 0.0575053 0.419669 18.2697 
0.384605 -0.0103113 0.923024 11.3792 0.0605426 0.998066 -0.0140772 -0.448688 -0.921094 0.0612964 0.384485 18.654 
0.351508 -0.00841929 0.936147 12.2921 0.0599677 0.998108 -0.0135404 -0.47287 -0.934262 0.0608981 0.351348 19.0016 
0.317797 -0.0080703 0.948125 13.2206 0.0595148 0.998162 -0.0114522 -0.504471 -0.946289 0.060067 0.317693 19.3354 
0.285266 -0.00654684 0.958426 14.1778 0.0600866 0.998132 -0.0110661 -0.533186 -0.956563 0.0607453 0.285127 19.5981 
0.254141 -0.00233432 0.967164 15.1476 0.0623767 0.997955 -0.013982 -0.535976 -0.965154 0.0638819 0.253766 19.8105 
0.224669 0.00051557 0.974435 16.1277 0.0639232 0.997838 -0.0152663 -0.553847 -0.972336 0.0657188 0.224151 20.0111 
0.193827 0.000884051 0.981035 17.1202 0.0651196 0.997783 -0.0137651 -0.569988 -0.978872 0.0665527 0.19334 20.2256 
0.163292 0.00161686 0.986576 18.1336 0.0653783 0.997783 -0.0124562 -0.588726 -0.984409 0.0665347 0.162824 20.3909 
0.132819 0.00468426 0.991129 19.1622 0.0647449 0.997812 -0.0133922 -0.604752 -0.989023 0.0659493 0.132226 20.5393 
0.102743 0.00611476 0.994689 20.2083 0.0647132 0.997822 -0.0128184 -0.624593 -0.992601 0.0656865 0.102124 20.6558 
0.0754319 0.00523204 0.997137 21.2687 0.0654033 0.997807 -0.0101832 -0.650637 -0.995004 0.0659842 0.0749243 20.7433 
0.0502466 0.00241806 0.998734 22.3456 0.0667213 0.997755 -0.00577247 -0.660158 -0.996506 0.0669269 0.0499725 20.7856 
0.028137 -0.0011804 0.999603 23.4379 0.0675626 0.997715 -0.000723591 -0.664683 -0.997318 0.0675562 0.0281525 20.7891 
0.00697202 -0.0048449 0.999964 24.5418 0.0679892 0.997677 0.00435977 -0.649988 -0.997662 0.0679564 0.00728522 20.7801 
-0.0100591 -0.00816712 0.999916 25.6576 0.0680355 0.997644 0.00883299 -0.636618 -0.997632 0.0681186 -0.00947974 20.7531 
-0.026189 -0.0101346 0.999606 26.7868 0.0674027 0.997655 0.0118808 -0.644058 -0.997382 0.0676872 -0.0254445 20.7316 
-0.0398529 -0.0116204 0.999138 27.9203 0.0671565 0.99764 0.0142817 -0.623205 -0.996946 0.0676678 -0.0389785 20.6682 
-0.0527002 -0.0108401 0.998552 29.0606 0.0661976 0.997704 0.0143245 -0.611832 -0.996414 0.0668566 -0.0518616 20.5969 
-0.0663439 -0.00761622 0.997768 30.2079 0.0657153 0.997766 0.0119858 -0.599537 -0.99563 0.0663638 -0.0656953 20.5273 
-0.0776105 -0.00647206 0.996963 31.3651 0.0688854 0.997554 0.0118384 -0.579769 -0.994601 0.0695949 -0.0769749 20.4281 
-0.0873072 -0.00708197 0.996156 32.5385 0.0725884 0.997271 0.0134518 -0.572781 -0.993533 0.0734838 -0.0865549 20.3044 
-0.0970932 -0.00653396 0.995254 33.7338 0.0753558 0.99706 0.0138972 -0.540452 -0.992418 0.0763475 -0.0963154 20.1664 
-0.104759 -0.00603174 0.994479 34.9553 0.0764881 0.996971 0.0141042 -0.527022 -0.991552 0.0775433 -0.103981 20.0419 
-0.110354 -0.00501585 0.99388 36.1987 0.0775823 0.996893 0.0136453 -0.502325 -0.99086 0.0786133 -0.109622 19.8978 
-0.115088 -0.00622971 0.993336 37.4539 0.0791411 0.996744 0.0154204 -0.477638 -0.990198 0.0803884 -0.11422 19.7109 
-0.119772 -0.00523322 0.992788 38.7396 0.0807583 0.996621 0.0149963 -0.475047 -0.989511 0.081972 -0.118944 19.5561 
-0.122605 -0.00514294 0.992442 40.0406 0.0813383 0.99657 0.0152127 -0.452094 -0.989117 0.0825887 -0.121766 19.3595 
-0.125247 -0.00430047 0.992116 41.3686 0.0802501 0.99667 0.0144512 -0.432058 -0.988875 0.0814274 -0.124485 19.1714 
-0.128295 -0.00392397 0.991728 42.7225 0.0785527 0.99681 0.014106 -0.404209 -0.98862 0.0797127 -0.127577 19.0001 
-0.131624 -0.00280389 0.991296 44.0979 0.0776331 0.996896 0.0131278 -0.382715 -0.988255 0.0786853 -0.130998 18.8475 
-0.136251 -0.00520405 0.990661 45.492 0.0779724 0.996828 0.0159604 -0.366119 -0.987601 0.0794188 -0.135413 18.6739 
-0.137443 -0.00390036 0.990502 46.903 0.0780556 0.99684 0.0147564 -0.339692 -0.987429 0.0793424 -0.136704 18.4793 
-0.136837 -0.00545751 0.990579 48.3314 0.0790235 0.996738 0.0164076 -0.311694 -0.987437 0.0805242 -0.135959 18.2424 
-0.137576 -0.00423252 0.990482 49.7831 0.0794332 0.996723 0.0152923 -0.285681 -0.987301 0.080781 -0.136788 18.0546 
-0.137425 -0.00365762 0.990505 51.2589 0.0810834 0.996595 0.0149298 -0.268079 -0.987188 0.0823652 -0.136661 17.8741 
-0.135502 -0.0033313 0.990772 52.7509 0.0806455 0.996639 0.0143804 -0.237749 -0.98749 0.0818498 -0.134778 17.6394 
-0.135263 -0.000913112 0.990809 54.2701 0.0804616 0.996687 0.0119029 -0.202154 -0.987537 0.0813322 -0.134741 17.4605 
-0.134795 0.000121386 0.990874 55.8028 0.0818016 0.996588 0.0110059 -0.162931 -0.987491 0.0825386 -0.134345 17.2202 
-0.133902 0.000764255 0.990994 57.3582 0.0822909 0.996555 0.0103505 -0.145478 -0.987572 0.0829357 -0.133504 17.0142 
-0.133813 0.00174602 0.991005 58.9447 0.0827551 0.996525 0.00941847 -0.116472 -0.987545 0.083271 -0.133492 16.8231 
-0.132399 0.000150392 0.991196 60.5471 0.0825001 0.996532 0.0108688 -0.112379 -0.987757 0.0832129 -0.131952 16.6215 
-0.132999 -0.00141373 0.991115 62.1705 0.0801883 0.996705 0.0121823 -0.101769 -0.987867 0.081096 -0.132448 16.4271 
-0.133271 -0.00587259 0.991062 63.8084 0.0776593 0.996846 0.0163499 -0.117555 -0.988032 0.0791442 -0.132395 16.2244 
-0.133237 -0.00619211 0.991065 65.4598 0.0777841 0.996831 0.0166853 -0.103164 -0.988027 0.0793122 -0.132333 16.0583 
-0.133869 -0.00309456 0.990994 67.1218 0.0780589 0.996855 0.0136575 -0.0742463 -0.98792 0.0791842 -0.133207 15.8346 
-0.133679 -0.000883827 0.991024 68.8024 0.0777706 0.996906 0.0113795 -0.055304 -0.987968 0.0785937 -0.133197 15.6518 
-0.13247 0.00205637 0.991185 70.4846 0.0771812 0.996983 0.00824674 -0.0269527 -0.988177 0.0775933 -0.132229 15.3751 
-0.131824 0.00379624 0.991266 72.1899 0.0768648 0.997021 0.00640361 0.0187475 -0.988289 0.0770376 -0.131723 15.1129 
-0.132148 0.00348574 0.991224 73.9148 0.0764882 0.997048 0.006691 0.0210149 -0.988275 0.0767011 -0.132024 14.8979 
-0.132298 0.00152514 0.991209 75.6579 0.0764608 0.997035 0.00867119 0.0333402 -0.988257 0.0769358 -0.132022 14.6912 
-0.132889 0.00689302 0.991107 77.4015 0.0786329 0.996897 0.00360993 0.112008 -0.988007 0.0784134 -0.133019 14.3878 
-0.132661 0.0108167 0.991102 79.1614 0.0810519 0.99671 -2.89415e-05 0.161874 -0.987842 0.0803269 -0.133102 14.1146 
-0.13212 0.0113655 0.991169 80.9373 0.0817967 0.996649 -0.000525119 0.150756 -0.987853 0.081005 -0.132607 13.8448 
-0.132509 0.0112962 0.991117 82.7252 0.0830496 0.996545 -0.000254655 0.136066 -0.987696 0.0822782 -0.132989 13.5583 
-0.133034 0.0128602 0.991028 84.5371 0.0826723 0.996575 -0.00183437 0.13473 -0.987657 0.0816866 -0.133642 13.2877 
-0.136254 0.0167653 0.990532 86.3612 0.0839541 0.996455 -0.00531711 0.16469 -0.98711 0.0824347 -0.137178 13.0239 
-0.136433 0.0186028 0.990475 88.2062 0.0831543 0.99651 -0.00726208 0.133939 -0.987153 0.0813715 -0.137503 12.788 
-0.138654 0.0193406 0.990152 90.0601 0.0842471 0.996415 -0.00766554 0.10683 -0.986751 0.0823546 -0.139787 12.5314 
-0.139644 0.0247252 0.989893 91.9207 0.0860051 0.996213 -0.0127503 0.130643 -0.98646 0.0833553 -0.141242 12.196 
-0.144556 0.0238342 0.98921 93.8119 0.0867291 0.996168 -0.0113279 0.0928595 -0.985688 0.0841557 -0.146069 11.982 
-0.146473 0.0312 0.988723 95.6772 0.0905459 0.995729 -0.0180074 0.186501 -0.985062 0.0868872 -0.148672 11.5583 
-0.151166 0.0317459 0.987998 97.5803 0.0898298 0.99579 -0.0182521 0.108014 -0.984418 0.0859926 -0.153381 11.2764 
-0.156505 0.0318353 0.987164 99.4918 0.0891914 0.995852 -0.017975 0.00645262 -0.983642 0.0852333 -0.158696 11.0219 
-0.162818 0.0322757 0.986128 101.415 0.0908857 0.995706 -0.0175832 -0.0373901 -0.982461 0.086762 -0.165052 10.7374 
-0.167465 0.0326405 0.985338 103.335 0.0929224 0.995525 -0.0171851 -0.088402 -0.981489 0.088682 -0.169749 10.3786 
-0.170502 0.0331909 0.984798 105.271 0.0922263 0.995583 -0.0175869 -0.182278 -0.981032 0.0878257 -0.17281 10.0371 
-0.17693 0.0428262 0.983291 107.223 0.0934476 0.995271 -0.0265333 -0.174387 -0.979777 0.0871917 -0.180096 9.71038 
-0.181169 0.0460772 0.982372 109.182 0.093717 0.995165 -0.029394 -0.225464 -0.978976 0.0867397 -0.184611 9.36605 
-0.18412 0.0489798 0.981683 111.134 0.093198 0.995128 -0.0321708 -0.288783 -0.978475 0.0855676 -0.187787 8.92802 
-0.18485 0.0463757 0.981672 113.1 0.0927485 0.995251 -0.0295526 -0.391248 -0.97838 0.0855858 -0.188274 8.52612 
-0.192249 0.0481873 0.980162 115.088 0.0945249 0.995059 -0.0303795 -0.444784 -0.976783 0.0868093 -0.195854 8.19213 
-0.198296 0.0496715 0.978883 117.075 0.0959168 0.994905 -0.0310543 -0.518351 -0.975438 0.0877333 -0.20205 7.80555 
-0.204113 0.0488894 0.977726 119.075 0.0958067 0.994955 -0.02975 -0.603746 -0.974248 0.0876003 -0.207768 7.40528 
-0.209754 0.0484179 0.976555 121.083 0.0958017 0.994985 -0.0287545 -0.684609 -0.973049 0.0875243 -0.213341 7.00238 
-0.215586 0.0504325 0.975182 123.096 0.0970883 0.994824 -0.0299848 -0.757777 -0.971646 0.0882144 -0.219366 6.59431 
-0.221002 0.0514448 0.973916 125.124 0.0978268 0.994741 -0.0303459 -0.826925 -0.970355 0.0885686 -0.224873 6.19174 
-0.22573 0.0498122 0.972915 127.161 0.0973425 0.994847 -0.0283502 -0.899172 -0.969314 0.0883065 -0.229416 5.80542 
-0.228044 0.0472943 0.972502 129.17 0.0960947 0.995036 -0.0258567 -0.972775 -0.968897 0.0875558 -0.231457 5.2347 
-0.231898 0.046982 0.971605 131.213 0.0965383 0.995013 -0.0250726 -1.03929 -0.967938 0.0879828 -0.235277 4.77983 
-0.235114 0.0472357 0.970819 133.26 0.0972937 0.994946 -0.0248469 -1.10061 -0.967086 0.0886128 -0.238521 4.29318 
-0.238331 0.0488085 0.969957 135.318 0.0970054 0.994938 -0.0262301 -1.1874 -0.966327 0.0878396 -0.24186 3.81614 
-0.241372 0.0524634 0.969014 137.377 0.10054 0.994516 -0.0288007 -1.2084 -0.965211 0.0904726 -0.245323 3.27558 
-0.245726 0.0535112 0.967861 139.446 0.101773 0.994381 -0.0291388 -1.28508 -0.963982 0.0913417 -0.249791 2.78494 
-0.248221 0.0551749 0.967131 141.472 0.101581 0.994355 -0.0306564 -1.3755 -0.963363 0.0906329 -0.252425 2.0922 
-0.252643 0.0552642 0.96598 143.554 0.102215 0.994305 -0.0301514 -1.44014 -0.962145 0.0911199 -0.256853 1.55175 
-0.256788 0.0549717 0.964903 145.631 0.101941 0.994352 -0.0295201 -1.54278 -0.961076 0.0907829 -0.260942 0.987286 
-0.263518 0.0576102 0.962933 147.723 0.102226 0.994262 -0.0315092 -1.64022 -0.959223 0.0901333 -0.267895 0.434419 
-0.267398 0.0589023 0.961784 149.809 0.101717 0.994279 -0.0326128 -1.71451 -0.958203 0.0891089 -0.271859 -0.2072 
-0.271702 0.0581961 0.96062 151.902 0.100753 0.994405 -0.0317458 -1.84676 -0.957093 0.0881604 -0.276045 -0.804693 
-0.276522 0.0579644 0.959258 154.002 0.101397 0.994367 -0.0308566 -1.91838 -0.955643 0.0887334 -0.280842 -1.43376 
-0.279921 0.0581633 0.958259 156.089 0.102681 0.994251 -0.0303532 -1.99363 -0.954516 0.0898988 -0.284284 -2.12773 
-0.284379 0.0579472 0.956959 158.207 0.104342 0.994113 -0.0291897 -2.08262 -0.953017 0.0915501 -0.288751 -2.73801 
-0.288208 0.0571246 0.955862 160.323 0.103359 0.994243 -0.0282537 -2.22783 -0.951973 0.0906545 -0.292453 -3.40343 
-0.291743 0.0573842 0.954774 162.448 0.103959 0.994188 -0.0279871 -2.31033 -0.95083 0.091092 -0.296013 -4.06635 
-0.295817 0.0577917 0.953495 164.596 0.103712 0.994211 -0.0280832 -2.39107 -0.949598 0.0905816 -0.300099 -4.68464 
-0.299472 0.0589048 0.952285 166.724 0.104494 0.994113 -0.0286312 -2.46263 -0.948366 0.0909338 -0.303864 -5.39767 
-0.301921 0.0568491 0.951636 168.863 0.103947 0.994232 -0.026415 -2.53818 -0.947649 0.0909441 -0.306089 -6.10941 
-0.305423 0.0553488 0.950607 171.024 0.103136 0.994359 -0.0247595 -2.59605 -0.946615 0.0904795 -0.309409 -6.77554 
-0.308238 0.0535923 0.949798 173.188 0.101648 0.994551 -0.0231295 -2.69946 -0.945863 0.089416 -0.312006 -7.45614 
-0.309191 0.0555175 0.949378 175.325 0.101349 0.994533 -0.0251512 -2.74506 -0.945584 0.0884415 -0.313127 -8.2513 
-0.312543 0.0577453 0.948147 177.485 0.103263 0.994301 -0.0265169 -2.79316 -0.944274 0.0896209 -0.316725 -9.00067 
-0.313372 0.0570377 0.947916 179.637 0.105003 0.994155 -0.0251069 -2.90342 -0.943807 0.0916665 -0.317529 -9.78984 
-0.316224 0.0583146 0.946891 181.804 0.107571 0.993876 -0.0252839 -2.96716 -0.942566 0.0938623 -0.320561 -10.5732 
-0.316861 0.059095 0.946629 183.963 0.107734 0.99384 -0.025981 -3.08034 -0.942334 0.0937515 -0.321276 -11.4005 
-0.321406 0.0611986 0.944962 186.198 0.109878 0.993579 -0.0269748 -3.16698 -0.940545 0.0951607 -0.326066 -12.0148 
-0.324981 0.0604813 0.943785 188.385 0.108876 0.99371 -0.0261905 -3.2681 -0.939433 0.0942444 -0.329521 -12.7952 
-0.326427 0.0593739 0.943356 190.569 0.107408 0.993891 -0.0253882 -3.39358 -0.9391 0.093037 -0.33081 -13.6333 
-0.33099 0.0605526 0.94169 192.788 0.107846 0.993828 -0.0259988 -3.45029 -0.937451 0.0929525 -0.335477 -14.4032 
-0.332893 0.0599817 0.941055 194.96 0.106787 0.993953 -0.0255781 -3.56174 -0.936899 0.0919775 -0.337285 -15.2999 
-0.338258 0.0622458 0.938993 197.202 0.10805 0.99378 -0.0269544 -3.62292 -0.93483 0.0923404 -0.342879 -16.0578 
-0.340219 0.0637547 0.938183 199.385 0.109154 0.993632 -0.0279397 -3.69356 -0.93399 0.0929007 -0.345011 -16.9305 
-0.341145 0.0632513 0.93788 201.576 0.10901 0.993664 -0.0273621 -3.80442 -0.933669 0.0929035 -0.345879 -17.8524 
-0.344625 0.0631965 0.936611 203.79 0.110154 0.993561 -0.0265079 -3.8739 -0.932255 0.0940363 -0.349368 -18.6786 
-0.344488 0.061453 0.936777 205.959 0.108761 0.993749 -0.0251949 -3.96235 -0.932469 0.0932057 -0.349018 -19.6508 
-0.348704 0.0620708 0.935175 208.177 0.108748 0.993745 -0.0254088 -3.98932 -0.930903 0.0928382 -0.353272 -20.5225 
-0.352532 0.0622352 0.933728 210.405 0.10907 0.993718 -0.0250539 -4.07091 -0.929422 0.0930094 -0.357105 -21.3734 
-0.356419 0.0614251 0.932305 212.69 0.108384 0.993818 -0.024043 -4.24348 -0.928019 0.0924772 -0.360873 -22.0299 
-0.360724 0.0605373 0.930706 214.986 0.108746 0.993815 -0.0224941 -4.33423 -0.926311 0.0930968 -0.365077 -22.6981 
-0.363542 0.06139 0.929553 217.231 0.110529 0.993621 -0.0223939 -4.40668 -0.924998 0.0946016 -0.368008 -23.5685 
-0.366841 0.0589505 0.928414 219.47 0.109182 0.993821 -0.0199628 -4.58044 -0.923854 0.0940431 -0.371011 -24.3754 
-0.370603 0.0636458 0.926608 221.712 0.111128 0.993521 -0.0237954 -4.64635 -0.922119 0.0941535 -0.375275 -25.2241 
-0.373192 0.0617847 0.925695 223.915 0.111521 0.993533 -0.0213529 -4.74017 -0.921027 0.0952661 -0.377668 -26.1811 
-0.375161 0.0606679 0.924972 226.14 0.109788 0.993741 -0.0206492 -4.81063 -0.920435 0.0938041 -0.379474 -27.0817 
-0.378232 0.0618584 0.923642 228.326 0.108955 0.993805 -0.0219404 -4.8717 -0.919277 0.0923365 -0.382628 -28.0852 
-0.381905 0.0631123 0.922044 230.596 0.109751 0.993703 -0.0225588 -4.94469 -0.917662 0.0925803 -0.386427 -28.8758 
-0.386124 0.0645153 0.920188 232.86 0.112083 0.993441 -0.0226196 -4.96673 -0.915612 0.0944035 -0.390822 -29.6852 
-0.391315 0.0666244 0.917842 235.113 0.113214 0.993285 -0.0238327 -5.03535 -0.913266 0.0945864 -0.39623 -30.5395 
-0.39547 0.068004 0.915958 237.294 0.113715 0.993208 -0.0246422 -5.09482 -0.911412 0.0944129 -0.400517 -31.5573 
-0.399605 0.0677898 0.914177 239.561 0.113751 0.993221 -0.0239283 -5.20305 -0.909602 0.0944269 -0.404607 -32.3648 
-0.403641 0.0682813 0.912366 241.769 0.113838 0.99321 -0.0239682 -5.28059 -0.907807 0.0941877 -0.408674 -33.3177 
-0.407442 0.07016 0.910532 243.962 0.114297 0.993122 -0.0253788 -5.34892 -0.90605 0.0937306 -0.412659 -34.3002 
-0.411086 0.071447 0.908792 246.152 0.115374 0.992985 -0.0258775 -5.40766 -0.904266 0.0942128 -0.416445 -35.2906 
-0.414147 0.0720741 0.907352 248.286 0.117007 0.992805 -0.0254561 -5.43412 -0.902658 0.0956236 -0.4196 -36.3917 
-0.417549 0.0721158 0.905788 250.455 0.117271 0.992786 -0.0249828 -5.52681 -0.901055 0.0957913 -0.422993 -37.4296 
-0.421504 0.0729476 0.903888 252.619 0.118006 0.992696 -0.0250858 -5.5769 -0.899116 0.0960907 -0.427033 -38.4604 
-0.424418 0.0752782 0.902332 254.778 0.120432 0.992377 -0.0261442 -5.60705 -0.897421 0.0975738 -0.430249 -39.5245 
-0.427628 0.0748198 0.900853 256.944 0.120198 0.992426 -0.0253683 -5.67891 -0.895928 0.0974324 -0.433382 -40.5818 
-0.429683 0.0740306 0.89994 259.058 0.121226 0.992341 -0.0237514 -5.66093 -0.894806 0.0988906 -0.435366 -41.7452 
-0.433399 0.0729399 0.898245 261.247 0.120968 0.992408 -0.0222198 -5.73514 -0.893046 0.0990286 -0.438932 -42.7699 
-0.436255 0.0717416 0.896959 263.364 0.121861 0.992344 -0.0201014 -5.78793 -0.891533 0.100535 -0.441657 -43.9308 
-0.439256 0.0704731 0.895593 265.557 0.121043 0.992471 -0.0187288 -5.87238 -0.89017 0.100179 -0.444479 -44.9914 
-0.440829 0.0697668 0.894876 267.668 0.123023 0.992262 -0.0167565 -5.85267 -0.88912 0.102703 -0.446001 -46.1663 
-0.444042 0.0683814 0.893393 269.866 0.124138 0.992163 -0.0142412 -5.89756 -0.887365 0.10458 -0.449051 -47.2208 
-0.446954 0.067374 0.892016 272.052 0.123854 0.992217 -0.0128836 -5.94565 -0.885941 0.104722 -0.45182 -48.3336 
-0.449873 0.066608 0.890605 274.246 0.124043 0.99221 -0.0115488 -5.99674 -0.884436 0.105278 -0.454631 -49.4325 
-0.455456 0.0678327 0.88767 276.553 0.126088 0.991957 -0.0111075 -5.95211 -0.881284 0.106865 -0.460346 -50.3317 
-0.456941 0.06755 0.886928 278.675 0.126841 0.991871 -0.0101946 -5.98867 -0.880407 0.107841 -0.461795 -51.6144 
-0.459656 0.0683908 0.88546 280.87 0.127519 0.991781 -0.0104055 -6.05068 -0.878894 0.10813 -0.464599 -52.8226 
-0.461841 0.0711701 0.884103 283.043 0.130526 0.991377 -0.0116213 -6.03825 -0.877306 0.110031 -0.467148 -54.0385 
-0.463778 0.0688144 0.883275 285.26 0.129234 0.99157 -0.00939513 -6.07608 -0.876475 0.109792 -0.468761 -55.214 
-0.467846 0.0670262 0.881265 287.513 0.128473 0.991687 -0.00722074 -6.10966 -0.874422 0.10984 -0.472568 -56.3664 
-0.468852 0.0657284 0.880828 289.717 0.127546 0.991814 -0.00611939 -6.13633 -0.874019 0.109477 -0.473397 -57.6252 
-0.467147 0.0673195 0.881613 291.857 0.128559 0.991673 -0.00760285 -6.13887 -0.874783 0.109788 -0.471912 -59.016 
-0.468357 0.0689884 0.880842 294.086 0.129529 0.991537 -0.00878559 -6.11393 -0.873993 0.10998 -0.473329 -60.2701 
-0.47137 0.0681407 0.879299 296.329 0.130391 0.991438 -0.00693155 -6.10285 -0.872243 0.111385 -0.476219 -61.5393 
-0.472682 0.0676788 0.878631 298.582 0.129667 0.991536 -0.00661824 -6.12721 -0.871641 0.110801 -0.477456 -62.788 
-0.472671 0.0720864 0.878286 300.764 0.13419 0.990914 -0.00911268 -6.0896 -0.870962 0.11355 -0.47805 -64.1885 
-0.472729 0.0719108 0.878269 303.014 0.137737 0.990444 -0.00695872 -6.08452 -0.870377 0.11768 -0.478116 -65.494 
-0.475482 0.0754658 0.876482 305.301 0.139517 0.990173 -0.00956835 -6.11431 -0.868592 0.117734 -0.481339 -66.7604 
-0.477645 0.0812461 0.874788 307.543 0.141591 0.989817 -0.0146192 -6.1138 -0.867068 0.116879 -0.484285 -68.133 
-0.481647 0.0816503 0.872553 309.859 0.140143 0.990013 -0.0152834 -6.16811 -0.865087 0.114921 -0.48828 -69.4001 
-0.48705 0.0840867 0.869317 312.196 0.140057 0.989992 -0.0172898 -6.25109 -0.862071 0.113333 -0.493953 -70.6482 
-0.490347 0.0835816 0.86751 314.464 0.138572 0.990205 -0.0170772 -6.34083 -0.86044 0.111839 -0.497126 -72.0313 
-0.496591 0.081532 0.864147 316.804 0.138185 0.990307 -0.0140256 -6.40142 -0.856914 0.112447 -0.503044 -73.3044 
-0.500441 0.0807908 0.861993 319.106 0.137896 0.990364 -0.012765 -6.4591 -0.854718 0.112478 -0.506759 -74.6747 
-0.50434 0.0801487 0.859778 321.431 0.135948 0.990636 -0.012601 -6.54755 -0.852736 0.11053 -0.510513 -76.0281 
-0.507134 0.0784184 0.858292 323.754 0.133501 0.99098 -0.0116605 -6.60788 -0.851465 0.108669 -0.513029 -77.3837 
-0.512401 0.0792809 0.855079 326.105 0.132787 0.991068 -0.0123174 -6.6873 -0.848418 0.107232 -0.518352 -78.6954 
-0.51977 0.0847987 0.850087 328.486 0.136987 0.990459 -0.0150431 -6.69395 -0.843252 0.108632 -0.526427 -79.9526 
-0.523176 0.0809167 0.848374 330.759 0.134461 0.990851 -0.0115864 -6.8055 -0.84155 0.108012 -0.52927 -81.4028 
-0.525214 0.0772871 0.847453 333.02 0.131388 0.99129 -0.0089764 -6.87825 -0.840766 0.106631 -0.530794 -82.8803 
-0.528872 0.0763204 0.845263 335.304 0.129797 0.991506 -0.00831221 -6.94113 -0.838718 0.105317 -0.534286 -84.3236 
-0.533217 0.0761225 0.842547 337.628 0.13003 0.991483 -0.00728762 -6.97787 -0.835926 0.10567 -0.538574 -85.7084 
-0.539353 0.0780429 0.838456 339.954 0.128918 0.991611 -0.00936933 -7.06147 -0.832153 0.103039 -0.54489 -87.0861 
-0.539099 0.0763333 0.838776 342.158 0.127138 0.991848 -0.00854974 -7.13924 -0.832591 0.102031 -0.544409 -88.6711 
-0.538868 0.0793286 0.838647 344.408 0.129401 0.991535 -0.0106449 -7.16581 -0.832392 0.102785 -0.544572 -90.1897 
-0.540069 0.0797837 0.83783 346.666 0.131192 0.991308 -0.00983154 -7.2367 -0.831332 0.104607 -0.545842 -91.6974 
-0.541774 0.0811379 0.836599 348.938 0.133419 0.991012 -0.0097128 -7.28213 -0.829868 0.106356 -0.54773 -93.1929 
-0.543802 0.0838017 0.835019 351.257 0.133554 0.990963 -0.0124754 -7.30394 -0.828518 0.104736 -0.55008 -94.6055 
-0.545494 0.0841023 0.833884 353.547 0.133788 0.990932 -0.0124228 -7.34987 -0.827367 0.104787 -0.5518 -96.0881 
-0.54821 0.0851113 0.831999 355.793 0.134788 0.990795 -0.0125428 -7.42116 -0.825408 0.105268 -0.554635 -97.6204 
-0.550417 0.0867809 0.830368 358.029 0.135748 0.990651 -0.0135499 -7.49017 -0.82378 0.105263 -0.557051 -99.1671 
-0.551503 0.0888504 0.829427 360.309 0.133984 0.990837 -0.0170524 -7.57057 -0.823342 0.101725 -0.558354 -100.669 
-0.554402 0.0889759 0.827479 362.578 0.132879 0.990977 -0.0175285 -7.67299 -0.821573 0.100237 -0.561223 -102.168 
-0.556123 0.0894858 0.826269 364.827 0.132692 0.990994 -0.0180167 -7.72821 -0.820439 0.0996199 -0.562988 -103.699 
-0.560848 0.0876689 0.823264 367.124 0.132089 0.991116 -0.0155576 -7.7962 -0.817314 0.100019 -0.567445 -105.153 
-0.563838 0.0860653 0.821389 369.37 0.131001 0.991284 -0.013942 -7.84973 -0.81543 0.0997419 -0.570198 -106.688 
-0.566129 0.0859445 0.819824 371.632 0.130833 0.991312 -0.0135756 -7.90112 -0.813868 0.0995742 -0.572454 -108.185 
-0.568301 0.0897948 0.817906 373.877 0.133247 0.99095 -0.0162094 -7.98846 -0.81196 0.0997716 -0.575123 -109.715 
-0.568272 0.0994277 0.816812 376.099 0.141023 0.989754 -0.0223667 -8.08285 -0.810666 0.102479 -0.57647 -111.281 
-0.572958 0.108633 0.812353 378.367 0.154043 0.987786 -0.0234452 -8.19564 -0.804978 0.111705 -0.582694 -112.726 
-0.578237 0.100136 0.8097 380.56 0.152922 0.988153 -0.012998 -8.28348 -0.801409 0.116305 -0.586699 -114.308 
-0.581304 0.0928389 0.808373 382.697 0.145558 0.989309 -0.00894764 -8.31577 -0.800561 0.112464 -0.588603 -115.97 
-0.582906 0.0956328 0.806892 384.895 0.138227 0.990246 -0.0175075 -8.41959 -0.800696 0.101329 -0.59044 -117.562 
-0.585183 0.10089 0.804601 387.14 0.134179 0.990599 -0.0266242 -8.48272 -0.799723 0.0923804 -0.593219 -119.087 
-0.588627 0.106922 0.801303 389.336 0.134095 0.990397 -0.0336497 -8.6101 -0.797206 0.0876433 -0.597312 -120.668 
-0.589392 0.107969 0.8006 391.47 0.133426 0.990428 -0.035342 -8.78511 -0.796752 0.0859906 -0.598156 -122.313 
-0.594429 0.10308 0.797514 393.593 0.131831 0.990824 -0.0298051 -8.96944 -0.793269 0.0874199 -0.602563 -123.959 
-0.599185 0.0983963 0.794541 395.753 0.132106 0.990966 -0.0230971 -9.10352 -0.789636 0.091124 -0.606771 -125.564 
-0.607587 0.0968442 0.788327 398.032 0.132701 0.990965 -0.0194615 -9.20926 -0.783089 0.0927871 -0.614948 -127.002 
-0.611417 0.0986024 0.785141 400.229 0.134075 0.990769 -0.020017 -9.27201 -0.779867 0.0930294 -0.618993 -128.566 
-0.61981 0.0980825 0.778598 402.204 0.132357 0.991011 -0.0194771 -9.31159 -0.773509 0.0909804 -0.627221 -130.398 
-0.62245 0.0998293 0.776267 404.014 0.132416 0.990966 -0.0212625 -9.26971 -0.771376 0.0895549 -0.630046 -132.381 
-0.626477 0.100908 0.77288 406.354 0.132552 0.990933 -0.0219341 -9.38707 -0.768086 0.0887058 -0.634173 -133.721 
-0.630905 0.101496 0.769192 408.326 0.132872 0.990894 -0.021766 -9.45315 -0.764397 0.0884715 -0.638646 -135.551 
-0.63323 0.102703 0.767119 410.429 0.133336 0.990814 -0.0225875 -9.54132 -0.762392 0.0879812 -0.641107 -137.232 
-0.635524 0.104968 0.764912 412.634 0.133284 0.990757 -0.0252217 -9.6984 -0.76049 0.0859213 -0.64364 -138.774 
-0.639478 0.105368 0.761555 415.057 0.131276 0.990981 -0.0268786 -9.78878 -0.757519 0.0827858 -0.647543 -139.926 
-0.649029 0.102919 0.75377 417.199 0.12769 0.991488 -0.02543 -9.89747 -0.749971 0.0797441 -0.656647 -141.562 
-0.650836 0.104577 0.751982 419.262 0.129651 0.991228 -0.0256364 -9.99147 -0.748066 0.0808099 -0.658685 -143.28 
-0.657438 0.108611 0.745639 421.474 0.134046 0.990631 -0.026107 -10.1471 -0.741489 0.0827865 -0.665838 -144.791 
-0.663972 0.11222 0.739289 424.076 0.137237 0.990169 -0.0270463 -10.407 -0.735056 0.0834996 -0.672845 -145.393 
-0.668758 0.11549 0.734455 426.256 0.139342 0.989826 -0.0287675 -10.5039 -0.730305 0.0831023 -0.678047 -146.958 
-0.666892 0.121462 0.735188 428.151 0.145094 0.988908 -0.031765 -10.4927 -0.730892 0.0854875 -0.677118 -148.863 
-0.671166 0.127712 0.730223 430.324 0.151586 0.987878 -0.0334479 -10.6008 -0.725643 0.0882424 -0.68239 -150.43 
-0.672484 0.128639 0.728847 432.276 0.151845 0.987811 -0.0342431 -10.7497 -0.724368 0.0876437 -0.68382 -152.265 
-0.677357 0.129469 0.724172 434.419 0.151541 0.987836 -0.0348629 -10.9105 -0.719877 0.0861271 -0.688737 -153.857 
-0.679333 0.129455 0.722321 436.512 0.149231 0.98812 -0.0367426 -11.0368 -0.718496 0.082832 -0.690581 -155.526 
-0.678638 0.12559 0.723655 438.409 0.142794 0.989033 -0.037735 -11.1702 -0.720458 0.0777255 -0.689129 -157.403 
-0.678388 0.122555 0.72441 440.36 0.137929 0.989702 -0.0382697 -11.2811 -0.72164 0.0739556 -0.688306 -159.229 
-0.675993 0.128227 0.725666 442.271 0.143632 0.988785 -0.0409203 -11.3958 -0.722774 0.0765672 -0.68683 -161.092 
-0.674643 0.135471 0.725606 444.192 0.152606 0.987375 -0.0424556 -11.5828 -0.722197 0.0820891 -0.686799 -162.926 
-0.672023 0.139843 0.727206 446.082 0.156635 0.986632 -0.0449817 -11.712 -0.723775 0.0836771 -0.684943 -164.82 
-0.66973 0.139655 0.729355 448.059 0.15789 0.98648 -0.0439061 -11.8716 -0.725626 0.0857525 -0.682725 -166.619 
-0.667428 0.137276 0.731912 450.01 0.155908 0.986839 -0.0429173 -12.0052 -0.72817 0.0854668 -0.680046 -168.447 
-0.664894 0.136673 0.734327 451.971 0.155267 0.986932 -0.0431029 -12.1532 -0.730622 0.0853577 -0.677425 -170.251 
-0.662798 0.137046 0.73615 454.045 0.158243 0.986541 -0.0411847 -12.325 -0.731887 0.0891935 -0.675564 -171.916 
-0.665373 0.143297 0.732628 456.169 0.162274 0.9857 -0.0454186 -12.4983 -0.72866 0.0886665 -0.679112 -173.531 
-0.667526 0.151339 0.729044 458.174 0.167311 0.984574 -0.0511901 -12.6469 -0.725545 0.0878062 -0.68255 -175.291 
-0.668504 0.159914 0.726312 460.069 0.174583 0.983063 -0.0557553 -12.7516 -0.722926 0.0895294 -0.6851 -177.167 
-0.667293 0.162367 0.726882 462.044 0.176853 0.982578 -0.0571288 -12.9348 -0.723494 0.0904295 -0.684383 -178.949 
-0.666765 0.160132 0.727862 464.045 0.174353 0.983058 -0.0565587 -13.1327 -0.724587 0.0891936 -0.683388 -180.702 
-0.668303 0.15914 0.726668 466.067 0.17104 0.98355 -0.0580947 -13.347 -0.723959 0.0854645 -0.684528 -182.433 
-0.667151 0.16041 0.727446 468.021 0.171342 0.983401 -0.0597113 -13.5032 -0.724949 0.0848054 -0.683562 -184.24 
-0.665856 0.163497 0.727946 470.019 0.175441 0.982646 -0.0602257 -13.6603 -0.72516 0.0876101 -0.682984 -185.993 
-0.667579 0.164211 0.726205 472.064 0.176986 0.982416 -0.0594483 -13.8917 -0.723197 0.0888416 -0.684903 -187.687 
-0.669335 0.162865 0.72489 474.005 0.177427 0.982487 -0.0569115 -14.0485 -0.721464 0.0905219 -0.68651 -189.496 
-0.66868 0.160578 0.726004 475.928 0.175044 0.982956 -0.056188 -14.222 -0.722653 0.0895108 -0.685391 -191.338 
-0.668439 0.160416 0.726262 477.962 0.174466 0.983038 -0.0565571 -14.4447 -0.723015 0.0889027 -0.685088 -193.048 
-0.66905 0.161903 0.725368 479.945 0.174742 0.982892 -0.0582079 -14.6452 -0.722383 0.0878085 -0.685895 -194.815 
-0.66787 0.162345 0.726356 481.788 0.174506 0.982873 -0.059223 -14.7085 -0.723531 0.0872004 -0.684762 -196.733 
-0.66789 0.161979 0.726419 483.837 0.173908 0.982975 -0.0592906 -14.9847 -0.723656 0.0867304 -0.684689 -198.416 
-0.66738 0.162568 0.726757 485.757 0.173519 0.982968 -0.0605374 -15.1694 -0.72422 0.0857049 -0.684222 -200.249 
-0.666682 0.16317 0.727262 487.675 0.174956 0.98274 -0.0601073 -15.3772 -0.724517 0.0871668 -0.683722 -202.088 
-0.667022 0.16328 0.726926 489.621 0.176404 0.982558 -0.0588317 -15.5696 -0.723853 0.0889908 -0.684191 -203.893 
-0.666588 0.161797 0.727655 491.614 0.174812 0.982868 -0.0584035 -15.7829 -0.724638 0.0882716 -0.683452 -205.642 
-0.665999 0.162591 0.728017 493.572 0.174654 0.982817 -0.0597207 -15.9933 -0.725218 0.0873773 -0.682953 -207.438 
-0.665328 0.163575 0.72841 495.53 0.17484 0.982707 -0.0609821 -16.1395 -0.725789 0.0867819 -0.682422 -209.236 
-0.667068 0.164248 0.726666 497.551 0.174633 0.982692 -0.0618071 -16.3805 -0.72424 0.0856702 -0.684205 -210.95 
-0.6675 0.163512 0.726435 499.464 0.174688 0.982752 -0.0606896 -16.5457 -0.723828 0.0863891 -0.684551 -212.794 
-0.668386 0.163297 0.725668 501.42 0.174647 0.982783 -0.060294 -16.7318 -0.72302 0.0864362 -0.685398 -214.579 
-0.668552 0.163996 0.725357 503.361 0.17422 0.982777 -0.06162 -16.8515 -0.72297 0.0851757 -0.685609 -216.412 
-0.668856 0.164525 0.724958 505.316 0.173416 0.982828 -0.0630516 -17.0523 -0.722883 0.0835469 -0.685901 -218.209 
-0.668897 0.165321 0.724739 507.31 0.173965 0.982696 -0.0636038 -17.2952 -0.722713 0.0835347 -0.686082 -219.957 
-0.66894 0.16579 0.724592 509.279 0.174744 0.982565 -0.0634926 -17.5543 -0.722485 0.0841454 -0.686247 -221.729 
-0.670096 0.165462 0.723598 511.22 0.174892 0.982588 -0.0627243 -17.74 -0.721377 0.08452 -0.687366 -223.533 
-0.671677 0.165077 0.722219 513.098 0.174515 0.982681 -0.0623085 -17.9341 -0.719996 0.0841865 -0.688853 -225.419 
-0.670624 0.165069 0.723199 515.004 0.174257 0.982701 -0.0627118 -18.1282 -0.72104 0.0839662 -0.687787 -227.267 
-0.670721 0.165301 0.723055 516.991 0.174952 0.982601 -0.0623484 -18.2868 -0.720781 0.0846813 -0.687971 -229.03 
-0.671328 0.166033 0.722324 518.943 0.175761 0.982449 -0.0624724 -18.5011 -0.720018 0.0850169 -0.688728 -230.826 
-0.671203 0.167034 0.722209 520.949 0.17583 0.982352 -0.0637887 -18.7665 -0.720118 0.0841711 -0.688727 -232.553 
-0.671052 0.166952 0.722368 522.88 0.17497 0.982457 -0.064523 -18.9968 -0.720468 0.0830946 -0.688492 -234.379 
-0.670608 0.166992 0.722771 524.757 0.173792 0.982584 -0.0657702 -19.1419 -0.721166 0.0815059 -0.687951 -236.261 
-0.670945 0.165783 0.722737 526.679 0.173568 0.982721 -0.0642884 -19.3283 -0.720907 0.0823103 -0.688127 -238.089 
-0.67108 0.164771 0.722843 528.57 0.173394 0.982832 -0.0630579 -19.5572 -0.720823 0.0830197 -0.688129 -239.949 
-0.671084 0.164085 0.722995 530.47 0.172298 0.983017 -0.0631714 -19.7205 -0.721082 0.0821771 -0.687959 -241.797 
-0.671925 0.164746 0.722064 532.413 0.172159 0.982983 -0.064072 -19.9322 -0.720332 0.0812584 -0.688853 -243.614 
-0.672217 0.165011 0.721731 534.339 0.172048 0.982975 -0.0644956 -20.1548 -0.720086 0.0808173 -0.689163 -245.437 
-0.672299 0.165335 0.721581 536.236 0.172761 0.982867 -0.0642411 -20.3909 -0.719839 0.0814714 -0.689343 -247.29 
-0.672287 0.165318 0.721596 538.13 0.171811 0.982975 -0.0651291 -20.6157 -0.720077 0.080193 -0.689244 -249.151 
-0.673202 0.165534 0.720692 540.074 0.170642 0.983093 -0.066406 -20.8351 -0.7195 0.078276 -0.690068 -250.962 
-0.673879 0.166637 0.719805 542.096 0.17095 0.982964 -0.0675162 -21.0388 -0.718793 0.0775527 -0.690885 -252.691 
-0.674393 0.166454 0.719366 543.981 0.172477 0.982819 -0.0657198 -21.2569 -0.717946 0.0797534 -0.691515 -254.556 
-0.674978 0.167326 0.718614 546.057 0.174861 0.982477 -0.0645229 -21.5104 -0.716818 0.0821058 -0.692409 -256.21 
-0.6757 0.167353 0.717929 547.933 0.174747 0.982495 -0.0645564 -21.6753 -0.716165 0.0818352 -0.693116 -258.086 
-0.675827 0.166434 0.718023 549.94 0.172212 0.982864 -0.0657309 -21.8848 -0.716659 0.0792295 -0.692908 -259.836 
-0.677428 0.166039 0.716605 551.885 0.170389 0.983116 -0.0667167 -22.0989 -0.715583 0.0769057 -0.694281 -261.654 
-0.677393 0.165125 0.716849 553.784 0.170507 0.983187 -0.0653539 -22.318 -0.715588 0.0779571 -0.694159 -263.509 
-0.676535 0.165068 0.717672 555.74 0.170993 0.98313 -0.0649327 -22.4895 -0.716283 0.0787874 -0.693348 -265.313 
-0.67685 0.16417 0.717581 557.613 0.17097 0.983216 -0.0636771 -22.674 -0.715991 0.0795849 -0.693558 -267.199 
-0.67776 0.16332 0.716915 559.533 0.169796 0.98343 -0.0635118 -22.8751 -0.715409 0.0786838 -0.694261 -269.049 
-0.678132 0.162756 0.716692 561.468 0.167986 0.983681 -0.0644393 -23.1206 -0.715485 0.0766961 -0.694406 -270.87 
-0.678682 0.162073 0.716326 563.356 0.166971 0.983856 -0.0644074 -23.3533 -0.7152 0.0758932 -0.694787 -272.747 
-0.678662 0.16213 0.716332 565.27 0.166948 0.983853 -0.0645102 -23.5582 -0.715225 0.0758094 -0.694771 -274.592 
-0.680377 0.161424 0.714863 567.246 0.166195 0.984012 -0.0640233 -23.8007 -0.713769 0.075247 -0.696327 -276.362 
-0.681585 0.160071 0.714016 569.331 0.164522 0.98432 -0.0636203 -24.0423 -0.713004 0.0741087 -0.697232 -278.023 
-0.681317 0.161225 0.714012 571.232 0.165301 0.984133 -0.0644871 -24.2245 -0.71308 0.0740904 -0.697157 -279.89 
-0.680971 0.162411 0.714074 573.167 0.165717 0.983978 -0.0657635 -24.4691 -0.713314 0.0735513 -0.696975 -281.709 
-0.68088 0.162868 0.714056 575.085 0.166699 0.983833 -0.0654473 -24.6916 -0.713171 0.0744705 -0.697023 -283.552 
-0.680216 0.161143 0.71508 576.968 0.165862 0.984071 -0.0639842 -24.8981 -0.714 0.0750819 -0.696108 -285.418 
-0.679907 0.160496 0.715519 578.904 0.165726 0.98414 -0.0632719 -25.1341 -0.714326 0.0755612 -0.695722 -287.236 
-0.680165 0.159763 0.715438 580.824 0.164459 0.98434 -0.063461 -25.3413 -0.714373 0.0744962 -0.695788 -289.066 
-0.679457 0.159285 0.716217 582.697 0.162999 0.984527 -0.0643238 -25.5317 -0.715381 0.0730375 -0.694907 -290.96 
-0.680658 0.159107 0.715115 584.76 0.163808 0.984471 -0.0631217 -25.7982 -0.714053 0.0741773 -0.696151 -292.662 
-0.67996 0.160245 0.715525 586.612 0.164539 0.984287 -0.0640756 -26.017 -0.71455 0.0741626 -0.695642 -294.5 
-0.679757 0.159978 0.715778 588.531 0.164355 0.984328 -0.0639149 -26.2778 -0.714785 0.0741954 -0.695397 -296.322 
-0.679196 0.160487 0.716196 590.436 0.164237 0.98429 -0.0648101 -26.4933 -0.715345 0.0736067 -0.694884 -298.159 
-0.679594 0.160744 0.71576 592.469 0.16421 0.984273 -0.0651341 -26.7576 -0.714973 0.0732699 -0.695302 -299.851 
-0.679023 0.162374 0.715934 594.259 0.165251 0.984011 -0.066443 -26.8926 -0.715276 0.0731924 -0.694999 -301.812 
-0.678962 0.163272 0.715789 596.176 0.165787 0.983872 -0.0671644 -27.1011 -0.71521 0.0730665 -0.695079 -303.636 
-0.679638 0.163718 0.715045 598.07 0.167166 0.983694 -0.0663413 -27.3295 -0.714247 0.0744428 -0.695924 -305.487 
-0.681563 0.163171 0.713335 600.086 0.166294 0.983854 -0.0661635 -27.5585 -0.712614 0.0735289 -0.697693 -307.209 
-0.681427 0.163095 0.713482 601.979 0.16484 0.984008 -0.0674994 -27.7548 -0.713081 0.0716148 -0.697414 -309.069 
-0.680082 0.165447 0.714224 603.817 0.165744 0.983678 -0.0700445 -28.0019 -0.714156 0.0707423 -0.696403 -310.968 
-0.679131 0.166945 0.71478 605.703 0.16789 0.983307 -0.0701467 -28.1907 -0.714559 0.0723653 -0.695823 -312.841 
-0.677754 0.167882 0.715866 607.676 0.169945 0.98299 -0.0696299 -28.4326 -0.71538 0.0744662 -0.694757 -314.609 
-0.677218 0.166358 0.716729 609.548 0.16996 0.98313 -0.067601 -28.5894 -0.715883 0.0760348 -0.694068 -316.483 
-0.676579 0.165464 0.717539 611.383 0.169411 0.983265 -0.0669993 -28.7875 -0.716617 0.0762287 -0.693289 -318.405 
-0.676387 0.165609 0.717687 613.514 0.16931 0.983261 -0.0673237 -29.0033 -0.716823 0.075975 -0.693104 -319.975 
-0.675944 0.1651 0.718221 615.408 0.167838 0.983459 -0.0681127 -29.2051 -0.717586 0.0745043 -0.692473 -321.835 
-0.67576 0.164911 0.718438 617.326 0.167321 0.983528 -0.0683792 -29.4322 -0.717881 0.0740018 -0.692222 -323.67 
-0.675887 0.164699 0.718367 619.326 0.167868 0.983493 -0.0675425 -29.6142 -0.717633 0.0749398 -0.692378 -325.413 
-0.675512 0.165227 0.718598 621.226 0.168731 0.983349 -0.0674869 -29.8178 -0.717784 0.0756613 -0.692143 -327.268 
-0.67582 0.164927 0.718377 623.157 0.168232 0.983433 -0.0675131 -30.0525 -0.71761 0.0752273 -0.69237 -329.08 
-0.675683 0.165045 0.718479 625.091 0.167983 0.983446 -0.0679347 -30.2553 -0.717798 0.0747902 -0.692223 -330.904 
-0.675753 0.165616 0.718282 627.037 0.168191 0.983371 -0.0685058 -30.486 -0.717684 0.0745154 -0.692371 -332.701 
-0.674641 0.167245 0.718949 629.069 0.169268 0.983091 -0.0698548 -30.7464 -0.718476 0.0745681 -0.691543 -334.405 
-0.674634 0.168321 0.718705 631.033 0.170902 0.982816 -0.0697529 -30.9764 -0.718096 0.0757706 -0.691807 -336.168 
-0.67409 0.168085 0.71927 632.966 0.170481 0.982878 -0.0699135 -31.1945 -0.718706 0.0754942 -0.691204 -337.981 
-0.674387 0.166415 0.719381 634.912 0.168678 0.98323 -0.069324 -31.4046 -0.718854 0.0745924 -0.691148 -339.782 
-0.674492 0.166218 0.719327 636.869 0.168472 0.983272 -0.0692385 -31.636 -0.718803 0.0744853 -0.691212 -341.56 
-0.675396 0.165649 0.71861 638.733 0.168865 0.983294 -0.067952 -31.8406 -0.717861 0.0754538 -0.692085 -343.441 
-0.674758 0.164842 0.719395 640.553 0.169674 0.983277 -0.0661625 -32.024 -0.718271 0.0774188 -0.691443 -345.365 
-0.675065 0.163932 0.719315 642.491 0.168728 0.983465 -0.0657832 -32.2267 -0.718205 0.0769608 -0.691563 -347.165 
-0.674635 0.162726 0.719992 644.408 0.166956 0.98376 -0.0659016 -32.419 -0.719023 0.0757472 -0.690846 -348.997 
-0.674187 0.162782 0.720398 646.35 0.166581 0.983789 -0.0664026 -32.6453 -0.719529 0.0752365 -0.690375 -350.79 
