1 0 0 0 0 1 0 0 0 0 1 0 
0.999997 -0.00202605 -0.00141045 -0.0044009 0.00202517 0.999998 -0.000622657 -0.01504 0.0014117 0.000619799 0.999999 0.565229 
0.999989 -0.00302182 -0.00372012 0.0136581 0.00301228 0.999992 -0.00256554 -0.00635646 0.00372784 0.00255431 0.99999 1.12727 
0.999978 -0.00365246 -0.00555432 -0.00562819 0.00363035 0.999985 -0.0039845 -0.0158118 0.00556879 0.00396424 0.999977 1.68888 
0.999955 -0.00591521 -0.00738365 -0.0127908 0.00587275 0.999966 -0.00575894 -0.0245854 0.00741746 0.00571532 0.999956 2.25116 
0.999929 -0.00780543 -0.00895093 -0.00287415 0.00773611 0.99994 -0.00775327 -0.0389571 0.00901091 0.00768348 0.99993 2.81589 
0.999907 -0.00874354 -0.0104709 -0.0134682 0.00865405 0.999926 -0.00856104 -0.0513344 0.010545 0.00846963 0.999909 3.39018 
0.999882 -0.00969019 -0.0118828 -0.0364064 0.009596 0.999922 -0.00795743 -0.0643213 0.0119589 0.00784247 0.999898 3.96923 
0.999857 -0.0107422 -0.013029 -0.04503 0.010634 0.999909 -0.00834089 -0.0751287 0.0131174 0.00820115 0.99988 4.55649 
0.999837 -0.00885247 -0.0157137 -0.0105993 0.00866745 0.999893 -0.0118037 -0.0744207 0.0158165 0.0116656 0.999807 5.15035 
0.999833 -0.00630729 -0.0171616 -0.00345553 0.00603994 0.99986 -0.0155854 -0.0992101 0.0172575 0.0154791 0.999731 5.75132 
0.99985 -0.00484374 -0.016649 -0.0640767 0.00452673 0.999809 -0.019026 -0.122869 0.016738 0.0189478 0.99968 6.36107 
0.999844 -0.00281025 -0.0174264 -0.100228 0.00248076 0.999818 -0.0189006 -0.141501 0.0174763 0.0188545 0.999669 6.98599 
0.999809 -0.00154954 -0.0194795 -0.1684 0.00131323 0.999925 -0.0121384 -0.158032 0.0194969 0.0121105 0.999737 7.63073 
0.999789 -0.00132979 -0.0205146 -0.166131 0.00129498 0.999998 -0.00171005 -0.163766 0.0205168 0.00168312 0.999788 8.29575 
0.999752 -0.000948341 -0.0222324 -0.17298 0.00105542 0.999988 0.00480498 -0.173064 0.0222276 -0.00482726 0.999741 8.9725 
0.999746 0.00158967 -0.0224968 -0.212539 -0.00150661 0.999992 0.00370865 -0.186406 0.0225025 -0.00367381 0.99974 9.65541 
0.999725 0.00429683 -0.0230456 -0.239609 -0.00437803 0.999984 -0.00347429 -0.201831 0.0230303 0.00357423 0.999728 10.347 
0.999696 0.00433455 -0.0242541 -0.275488 -0.00456617 0.999944 -0.0095025 -0.210183 0.0242116 0.00961036 0.999661 11.0569 
0.999653 0.00184424 -0.0262958 -0.274959 -0.00206528 0.999963 -0.00838132 -0.201964 0.0262794 0.00843271 0.999619 11.7913 
0.999663 0.000299422 -0.0259536 -0.314755 -0.000277232 1 0.000858576 -0.215023 0.0259538 -0.000851091 0.999663 12.5505 
0.999645 -0.000143547 -0.0266263 -0.325066 0.000371976 0.999963 0.00857431 -0.230903 0.0266241 -0.00858117 0.999609 13.3269 
0.999637 0.000217677 -0.0269488 -0.362977 8.23012e-05 0.999938 0.0111298 -0.246684 0.0269495 -0.011128 0.999575 14.1148 
0.999633 -0.00192567 -0.0270223 -0.396972 0.00219621 0.999948 0.00998567 -0.247929 0.0270016 -0.0100413 0.999585 14.9179 
0.999656 -0.00183189 -0.0261737 -0.443789 0.00203019 0.999969 0.00755194 -0.259616 0.0261591 -0.00760248 0.999629 15.7379 
0.999667 0.00129745 -0.0257882 -0.473579 -0.00118355 0.999989 0.00443158 -0.271981 0.0257937 -0.00439958 0.999658 16.5703 
0.999657 -0.00329304 -0.0259763 -0.507649 0.00327813 0.999994 -0.000616645 -0.290915 0.0259782 0.00053128 0.999662 17.4158 
0.99966 -0.00652497 -0.0252523 -0.54931 0.00634997 0.999955 -0.00700399 -0.299077 0.0252969 0.00684125 0.999657 18.2748 
0.999693 -0.00581027 -0.0240886 -0.567698 0.00551382 0.999908 -0.012355 -0.306441 0.0241582 0.0122184 0.999633 19.1564 
0.999743 -0.00365755 -0.0223828 -0.613439 0.00337154 0.999912 -0.0128022 -0.330914 0.0224276 0.0127235 0.999668 20.0561 
0.999711 -0.00424779 -0.023652 -0.610767 0.0039678 0.999922 -0.0118724 -0.358596 0.0237006 0.0117752 0.99965 20.9761 
0.999712 -0.00282304 -0.0238519 -0.650833 0.00251207 0.999912 -0.0130576 -0.387597 0.0238866 0.0129939 0.99963 21.9096 
0.999722 0.000288668 -0.0235804 -0.666419 -0.000644298 0.999886 -0.0150754 -0.413252 0.0235734 0.0150864 0.999608 22.8625 
0.999738 0.00408085 -0.022533 -0.719929 -0.00444351 0.999861 -0.0160683 -0.43878 0.0224643 0.0161642 0.999617 23.8327 
0.999767 0.00550423 -0.020882 -0.848667 -0.00583676 0.999857 -0.0158969 -0.474877 0.0207915 0.0160151 0.999656 24.7999 
0.999754 0.00635676 -0.0212577 -0.878596 -0.00669702 0.99985 -0.0159739 -0.500201 0.021153 0.0161124 0.999646 25.7823 
0.999771 0.00712724 -0.0201781 -0.908709 -0.00745025 0.999845 -0.0159781 -0.525776 0.0200611 0.0161248 0.999669 26.7695 
0.999746 0.00824961 -0.020986 -0.894151 -0.00856839 0.999849 -0.0151458 -0.551237 0.0208579 0.0153218 0.999665 27.7708 
0.999743 0.00765841 -0.0213181 -0.898312 -0.00793333 0.999886 -0.0128417 -0.592374 0.0212174 0.0130075 0.99969 28.7778 
0.999743 0.00882989 -0.0208575 -0.938739 -0.0090727 0.999892 -0.0115754 -0.622355 0.0207531 0.0117617 0.999715 29.7914 
0.999742 0.00944258 -0.0206465 -0.965923 -0.00970438 0.999873 -0.0126166 -0.65684 0.0205247 0.0128137 0.999707 30.8121 
0.999738 0.0110529 -0.0200662 -1.00683 -0.0113298 0.999841 -0.0137366 -0.685391 0.0199112 0.0139604 0.999704 31.84 
0.999688 0.00882424 -0.0233512 -0.959717 -0.00913835 0.999869 -0.0133792 -0.701912 0.0232301 0.0135885 0.999638 32.8754 
0.999693 0.0083252 -0.0233166 -0.99415 -0.00859114 0.999899 -0.0113289 -0.718522 0.0232199 0.0115257 0.999664 33.9223 
0.999648 0.00771357 -0.0253749 -1.00049 -0.0079132 0.999938 -0.00777632 -0.741909 0.0253134 0.00797438 0.999648 34.9776 
0.999643 0.00752818 -0.0256481 -1.05551 -0.00764882 0.99996 -0.00460872 -0.779157 0.0256124 0.00480325 0.99966 36.039 
0.999625 0.00854234 -0.0260231 -1.08493 -0.00866202 0.999952 -0.00448956 -0.797359 0.0259835 0.00471329 0.999651 37.1018 
0.999599 0.00843808 -0.0270425 -1.10319 -0.00860314 0.999945 -0.00599319 -0.819521 0.0269905 0.00622343 0.999616 38.1734 
0.999551 0.00893056 -0.0286123 -1.12286 -0.00912093 0.999937 -0.0065301 -0.842992 0.0285521 0.00678813 0.999569 39.2487 
0.999539 0.00838419 -0.0291688 -1.17079 -0.00851573 0.999954 -0.00438851 -0.881001 0.0291307 0.00463488 0.999565 40.324 
0.99952 0.0074635 -0.0300631 -1.22343 -0.00753572 0.999969 -0.00228966 -0.906677 0.0300451 0.00251511 0.999545 41.4006 
0.999502 0.00648675 -0.0308729 -1.2376 -0.00647934 0.999979 0.000340079 -0.931606 0.0308744 -0.000139874 0.999523 42.4764 
0.999481 0.00733717 -0.0313665 -1.27736 -0.00732847 0.999973 0.000392205 -0.956196 0.0313685 -0.000162133 0.999508 43.5502 
0.999454 0.00924126 -0.0317168 -1.32566 -0.00934221 0.999952 -0.00303588 -0.987354 0.0316873 0.00333053 0.999492 44.6143 
0.999455 0.0111979 -0.0310609 -1.38138 -0.0114302 0.999908 -0.00731049 -1.00273 0.0309762 0.00766153 0.999491 45.6755 
0.999508 0.0113091 -0.0292508 -1.43898 -0.0115364 0.999904 -0.00761257 -1.03354 0.0291619 0.00794627 0.999543 46.7469 
0.99951 0.010433 -0.0295112 -1.47152 -0.0105667 0.999935 -0.00437924 -1.07087 0.0294635 0.00468893 0.999555 47.8249 
0.999468 0.0101447 -0.0309918 -1.46566 -0.0102022 0.999947 -0.00169525 -1.10424 0.0309729 0.00201053 0.999518 48.9016 
0.999478 0.00860202 -0.0311382 -1.5151 -0.00861715 0.999963 -0.000351946 -1.12357 0.031134 0.000620084 0.999515 49.9768 
0.999488 0.00713708 -0.0311849 -1.53628 -0.00717781 0.999974 -0.0011943 -1.1474 0.0311756 0.00141753 0.999513 51.0556 
0.999495 0.00534962 -0.0313207 -1.56799 -0.00545337 0.99998 -0.00322813 -1.16214 0.0313028 0.0033973 0.999504 52.1259 
0.999509 0.00534208 -0.0308585 -1.61755 -0.00550484 0.999971 -0.00519177 -1.19488 0.0308299 0.00535909 0.99951 53.198 
0.999575 0.00446017 -0.0288189 -1.67046 -0.00465712 0.999966 -0.00677063 -1.23359 0.0287877 0.00690196 0.999562 54.2706 
0.999585 0.00265821 -0.0286744 -1.71683 -0.00295045 0.999944 -0.010154 -1.25312 0.0286458 0.0102343 0.999537 55.3363 
0.999506 -3.22682e-05 -0.031421 -1.72091 -0.000334445 0.999932 -0.0116656 -1.28359 0.0314193 0.0116704 0.999438 56.4081 
0.999515 -0.00243162 -0.0310342 -1.77002 0.00213342 0.999951 -0.00963828 -1.30039 0.0310562 0.0095674 0.999472 57.4785 
0.999491 -0.00389839 -0.031659 -1.82095 0.00380011 0.999988 -0.00316397 -1.33984 0.0316709 0.00304205 0.999494 58.5635 
0.999489 -0.00573115 -0.0314373 -1.86904 0.00581977 0.999979 0.002728 -1.35989 0.031421 -0.00290957 0.999502 59.6481 
0.999481 -0.00766966 -0.0312981 -1.92373 0.00778755 0.999963 0.00364624 -1.38768 0.031269 -0.00388808 0.999503 60.7296 
0.999361 -0.012587 -0.0334542 -1.92804 0.0126307 0.99992 0.00109406 -1.40126 0.0334378 -0.00151591 0.99944 61.8088 
0.999272 -0.0138523 -0.0355444 -1.93635 0.0137924 0.999903 -0.00192984 -1.42134 0.0355676 0.00143819 0.999366 62.8867 
0.9993 -0.0120445 -0.035414 -1.97498 0.0118357 0.999911 -0.00610034 -1.45056 0.0354844 0.00567693 0.999354 63.965 
0.99932 -0.0100449 -0.0354801 -2.03354 0.00971569 0.999908 -0.0094399 -1.49043 0.0355717 0.00908876 0.999326 65.0445 
0.999378 -0.00735361 -0.0344776 -2.09864 0.00701744 0.999927 -0.00986106 -1.51677 0.0345476 0.00961299 0.999357 66.1273 
0.999398 -0.00402059 -0.0344675 -2.10141 0.00380967 0.999974 -0.00618278 -1.53635 0.0344915 0.00604775 0.999387 67.2196 
0.999396 -0.0012747 -0.0347311 -2.13851 0.00116707 0.999994 -0.00311884 -1.58405 0.0347349 0.00307642 0.999392 68.3069 
0.999417 -0.00185547 -0.034092 -2.20037 0.00176506 0.999995 -0.00268177 -1.59799 0.0340968 0.00262003 0.999415 69.3908 
0.999459 -0.0025945 -0.0327813 -2.28907 0.0025354 0.999995 -0.00184431 -1.62094 0.0327859 0.0017602 0.999461 70.4748 
0.999497 -0.00355661 -0.0315195 -2.37747 0.00355632 0.999994 -6.52856e-05 -1.65719 0.0315195 -4.68407e-05 0.999503 71.5546 
0.999514 -0.00565797 -0.0306516 -2.45232 0.00573802 0.99998 0.00252437 -1.68853 0.0306367 -0.00269903 0.999527 72.6358 
0.99947 -0.00758344 -0.0316538 -2.492 0.00773058 0.99996 0.00452854 -1.72106 0.0316182 -0.00477084 0.999489 73.7147 
0.99948 -0.00882924 -0.0309994 -2.54812 0.00894191 0.999954 0.00349782 -1.74928 0.0309671 -0.0037732 0.999513 74.7876 
0.999492 -0.00843488 -0.0307184 -2.60009 0.00843485 0.999964 -0.00013065 -1.77074 0.0307184 -0.000128521 0.999528 75.8557 
0.999477 -0.00812369 -0.0313069 -2.65229 0.00806087 0.999965 -0.00213234 -1.79411 0.0313232 0.00187886 0.999508 76.9234 
0.999456 -0.0057084 -0.0324913 -2.69314 0.00572321 0.999984 0.000362664 -1.82967 0.0324887 -0.000548421 0.999472 77.9878 
0.999442 -0.004433 -0.0330921 -2.71286 0.00459051 0.999978 0.00468519 -1.84844 0.0330706 -0.00483449 0.999441 79.0589 
0.999428 -0.00254501 -0.0337343 -2.74282 0.00284553 0.999957 0.00886346 -1.8634 0.0337103 -0.00895437 0.999392 80.1249 
0.999408 -0.00184589 -0.0343416 -2.78967 0.00217487 0.999952 0.00954478 -1.87943 0.0343224 -0.00961383 0.999365 81.1853 
0.999366 -0.00213073 -0.0355496 -2.83148 0.00240448 0.999968 0.00765932 -1.89511 0.0355321 -0.00773994 0.999339 82.2397 
0.999354 -0.00291314 -0.0358228 -2.88628 0.00315951 0.999972 0.00682277 -1.90061 0.0358019 -0.00693155 0.999335 83.2861 
0.999311 -0.00327268 -0.0369777 -2.91088 0.00350421 0.999975 0.00619811 -1.90526 0.0369565 -0.00632341 0.999297 84.3254 
0.999278 -0.00510289 -0.0376497 -2.9726 0.00534646 0.999965 0.00637149 -1.91346 0.0376159 -0.00656818 0.999271 85.3492 
0.999278 -0.00835182 -0.037055 -3.11372 0.00862931 0.999936 0.00733488 -1.90461 0.0369914 -0.00764935 0.999286 86.3508 
0.999245 -0.00945605 -0.0376704 -3.1643 0.00984286 0.999901 0.0100962 -1.92605 0.0375711 -0.0104593 0.999239 87.3437 
0.999208 -0.0105568 -0.0383549 -3.22476 0.0109825 0.99988 0.0109053 -1.94211 0.0382352 -0.0113179 0.999205 88.3145 
0.999169 -0.010957 -0.0392526 -3.3074 0.0113856 0.999878 0.0107125 -1.95005 0.0391304 -0.0111505 0.999172 89.2647 
0.999026 -0.0118344 -0.0425105 -3.34206 0.0122621 0.999877 0.00981542 -1.9591 0.0423891 -0.0103271 0.999048 90.1954 
0.998808 -0.0117482 -0.0473704 -3.34082 0.01222 0.999878 0.00968123 -1.98981 0.0472509 -0.0102486 0.99883 91.1014 
0.998658 -0.0114284 -0.0505106 -3.381 0.0119312 0.999882 0.00966461 -1.99456 0.0503942 -0.0102543 0.998677 91.9864 
0.998467 -0.0102618 -0.0543817 -3.38844 0.0108433 0.999887 0.0104097 -1.9934 0.0542687 -0.0109834 0.998466 92.8489 
0.998295 -0.011185 -0.0572835 -3.47507 0.0119368 0.999847 0.0127992 -2.03767 0.0571316 -0.0134611 0.998276 93.6834 
0.998019 -0.0128139 -0.0615907 -3.48696 0.0137212 0.999803 0.0143309 -2.04069 0.061395 -0.0151476 0.997999 94.4986 
0.997849 -0.0122004 -0.0644075 -3.55395 0.0131888 0.999801 0.0149435 -2.04344 0.0642124 -0.0157608 0.997812 95.2829 
0.99765 -0.0112519 -0.0675864 -3.62957 0.012334 0.999802 0.0156153 -2.06771 0.0673973 -0.0164122 0.997591 96.0399 
0.997502 -0.00953173 -0.0699917 -3.69464 0.0105942 0.999834 0.0148249 -2.08186 0.0698387 -0.0155293 0.997437 96.7655 
0.997183 -0.00755763 -0.074622 -3.73793 0.00830854 0.999918 0.00975759 -2.07013 0.0745421 -0.0103501 0.997164 97.4635 
0.996864 -0.00476275 -0.078986 -3.76196 0.005197 0.999972 0.00529309 -2.06388 0.0789587 -0.00568698 0.996862 98.1296 
0.996811 -0.0029785 -0.0797481 -3.84508 0.00325597 0.999989 0.00334952 -2.08631 0.0797373 -0.00359849 0.996809 98.7625 
0.996755 -0.00131854 -0.080486 -3.91069 0.00152965 0.999996 0.00256132 -2.10196 0.0804823 -0.00267612 0.996752 99.3661 
0.996567 0.00160605 -0.0827747 -3.88659 -0.00128305 0.999991 0.00395514 -2.13028 0.0827804 -0.00383535 0.99656 99.9503 
0.996793 0.00542487 -0.0798407 -3.9408 -0.00497667 0.999971 0.00581167 -2.14392 0.0798699 -0.00539569 0.996791 100.512 
0.997205 0.00755835 -0.0743261 -3.99649 -0.00701114 0.999946 0.0076204 -2.15882 0.0743798 -0.00707799 0.997205 101.049 
0.997673 0.00884268 -0.0675977 -4.02605 -0.00825653 0.999926 0.00894567 -2.15905 0.0676718 -0.00836673 0.997673 101.566 
0.998298 0.00838592 -0.0577204 -4.05663 -0.00774948 0.999907 0.0112413 -2.15853 0.0578093 -0.0107748 0.998269 102.06 
0.998936 0.00765209 -0.0454777 -4.08434 -0.00707876 0.999894 0.0127545 -2.16672 0.0455704 -0.012419 0.998884 102.533 
0.999464 0.00671547 -0.0320403 -4.09973 -0.00629654 0.999894 0.013158 -2.17396 0.0321252 -0.0129492 0.9994 102.984 
0.99984 0.0061536 -0.0167824 -4.1044 -0.0059423 0.999903 0.0126114 -2.17908 0.0168584 -0.0125097 0.99978 103.416 
0.999987 0.00500134 0.000674816 -4.07317 -0.00500788 0.999937 0.010054 -2.18545 -0.00062449 -0.0100573 0.999949 103.837 
0.999732 0.00435095 0.0227291 -4.06308 -0.00448786 0.999972 0.0059763 -2.19633 -0.0227025 -0.00607671 0.999724 104.249 
0.998893 0.00174306 0.0470052 -4.02421 -0.00183678 0.999996 0.00195081 -2.20461 -0.0470017 -0.00203499 0.998893 104.65 
0.997273 -0.000670442 0.0738037 -3.9563 0.000672949 1 -9.09843e-06 -2.21401 -0.0738037 5.87397e-05 0.997273 105.046 
0.994598 -0.00294404 0.103762 -3.89114 0.00302978 0.999995 -0.000668782 -2.21662 -0.10376 0.000979547 0.994602 105.429 
0.990497 -0.0055192 0.137426 -3.82474 0.00582787 0.999981 -0.00184376 -2.22458 -0.137414 0.00262715 0.99051 105.811 
0.984889 -0.00851324 0.172976 -3.72783 0.0090394 0.999957 -0.00225429 -2.23827 -0.172949 0.00378382 0.984924 106.175 
0.977513 -0.0118687 0.21054 -3.60596 0.0125623 0.999919 -0.0019568 -2.24001 -0.210499 0.00455765 0.977583 106.535 
0.967956 -0.0135643 0.250753 -3.47672 0.0146876 0.999889 -0.00260865 -2.2385 -0.25069 0.00620801 0.968047 106.877 
0.955095 -0.0122377 0.296047 -3.38083 0.0140538 0.999893 -0.0040073 -2.24679 -0.295966 0.00798794 0.955165 107.233 
0.940054 -0.00905478 0.340904 -3.23394 0.0118286 0.999912 -0.00605895 -2.24763 -0.340819 0.00972815 0.940078 107.567 
0.922479 -0.00901083 0.385943 -3.06886 0.0115719 0.999924 -0.00431322 -2.261 -0.385874 0.00844493 0.922513 107.88 
0.901801 -0.00805741 0.432077 -2.91504 0.0105175 0.999939 -0.00330448 -2.26832 -0.432024 0.00752436 0.901831 108.206 
0.879158 -0.0106127 0.476412 -2.71081 0.0134166 0.999907 -0.00248443 -2.26886 -0.476341 0.00857603 0.879219 108.485 
0.853086 -0.0106925 0.521661 -2.50902 0.0148424 0.999883 -0.00377758 -2.27646 -0.521559 0.0109653 0.853145 108.773 
0.824042 -0.0106646 0.566429 -2.30694 0.0167757 0.999844 -0.00558058 -2.28965 -0.56628 0.0141009 0.824092 109.046 
0.794988 -0.0078538 0.606574 -2.04369 0.017989 0.999782 -0.0106318 -2.29015 -0.606358 0.0193638 0.794956 109.279 
0.758882 -0.0013627 0.651227 -1.82234 0.0151992 0.999762 -0.0156197 -2.32022 -0.651051 0.0217516 0.758722 109.543 
0.722922 0.00347763 0.69092 -1.54117 0.0149431 0.999675 -0.0206669 -2.31973 -0.690768 0.0252651 0.722635 109.768 
0.678233 0.00394868 0.734837 -1.29137 0.0175764 0.999612 -0.0215939 -2.30998 -0.734637 0.0275615 0.6779 110.03 
0.632525 0.0047946 0.774525 -1.01594 0.015432 0.999704 -0.0187913 -2.33921 -0.774386 0.0238385 0.632264 110.257 
0.588234 0.00460146 0.808678 -0.690161 0.01654 0.999706 -0.0177197 -2.31566 -0.808522 0.0237988 0.587985 110.441 
0.540437 0.00651721 0.841359 -0.367411 0.0145765 0.999747 -0.0171071 -2.3159 -0.841258 0.0215094 0.540205 110.621 
0.492217 0.00655869 0.870448 -0.0178422 0.0132232 0.9998 -0.0150107 -2.31813 -0.870372 0.0188986 0.492032 110.772 
0.441316 0.00534136 0.897336 0.34093 0.0117541 0.999862 -0.0117324 -2.32027 -0.897275 0.0157251 0.441193 110.898 
0.389378 0.00898429 0.921034 0.709929 0.00937861 0.999862 -0.0137181 -2.33259 -0.92103 0.0139796 0.38924 111.02 
0.338778 0.0158599 0.940732 1.09096 0.00967669 0.999746 -0.0203396 -2.35218 -0.940816 0.0159938 0.338539 111.111 
0.288505 0.0172828 0.957322 1.47668 0.0149191 0.999635 -0.0225427 -2.34906 -0.957362 0.0207861 0.288142 111.187 
0.241776 0.0170838 0.970182 1.88204 0.0175712 0.999604 -0.0219807 -2.36102 -0.970173 0.0223616 0.24138 111.244 
0.200283 0.0113926 0.979672 2.29901 0.0202499 0.999671 -0.0157651 -2.35999 -0.979529 0.0229957 0.199986 111.291 
0.16469 0.00485132 0.986333 2.73283 0.0231713 0.999693 -0.00878599 -2.34977 -0.986073 0.0243016 0.164527 111.33 
0.134453 0.00322722 0.990915 3.17799 0.0250449 0.999664 -0.00665397 -2.35502 -0.990603 0.025712 0.134327 111.329 
0.107355 0.00688115 0.994197 3.64337 0.0228318 0.999695 -0.00938463 -2.36052 -0.993959 0.0237068 0.107165 111.351 
0.0822279 0.014019 0.996515 4.12599 0.0181957 0.999713 -0.0155655 -2.36838 -0.996447 0.0194122 0.0819492 111.396 
0.0600162 0.0207398 0.997982 4.6252 0.0128732 0.999685 -0.0215493 -2.39927 -0.998114 0.0141405 0.0597303 111.403 
0.0387257 0.0163667 0.999116 5.14283 0.0101346 0.999808 -0.0167708 -2.43716 -0.999198 0.0107751 0.0385523 111.362 
0.0183525 0.0101048 0.999781 5.67641 0.0109136 0.999887 -0.0103062 -2.46409 -0.999772 0.0111003 0.0182401 111.321 
0.00144152 0.00636945 0.999979 6.22884 0.0134649 0.999889 -0.00638829 -2.47714 -0.999908 0.0134738 0.0013556 111.278 
-0.0130768 0.00592172 0.999897 6.8019 0.0191801 0.9998 -0.00567031 -2.48242 -0.999731 0.0191039 -0.0131878 111.271 
-0.0238029 0.00846661 0.999681 7.39411 0.0240351 0.99968 -0.00789431 -2.48228 -0.999428 0.0238395 -0.0239988 111.255 
-0.0301544 0.00623395 0.999526 8.01164 0.0236457 0.999705 -0.0055217 -2.48914 -0.999266 0.023468 -0.0302929 111.221 
-0.0330828 0.000303255 0.999453 8.65431 0.0200536 0.999799 0.000360432 -2.49586 -0.999251 0.0200545 -0.0330822 111.189 
-0.0323914 -0.000967826 0.999475 9.31085 0.0185675 0.999826 0.00156991 -2.49958 -0.999303 0.0186086 -0.0323678 111.156 
-0.0312658 0.000711034 0.999511 9.98748 0.0185185 0.999829 -0.00013198 -2.49787 -0.99934 0.0185053 -0.0312736 111.163 
-0.0298359 0.00495187 0.999543 10.6763 0.0201427 0.999788 -0.00435183 -2.48854 -0.999352 0.0200037 -0.0299293 111.175 
-0.0285613 0.00311611 0.999587 11.3866 0.0217062 0.999761 -0.00249644 -2.48036 -0.999356 0.021626 -0.0286222 111.175 
-0.0280194 0.00365752 0.999601 12.1097 0.0223308 0.999746 -0.0030321 -2.49248 -0.999358 0.022237 -0.028094 111.169 
-0.0274475 0.00497725 0.999611 12.8487 0.0230842 0.999724 -0.00434396 -2.4851 -0.999357 0.022956 -0.0275548 111.171 
-0.0268976 0.00555204 0.999623 13.605 0.021925 0.999747 -0.00496278 -2.49106 -0.999398 0.0217832 -0.0270126 111.162 
-0.0274903 0.00666654 0.9996 14.3709 0.0223756 0.999731 -0.00605206 -2.48247 -0.999372 0.0222003 -0.0276321 111.171 
-0.0278414 0.00657367 0.999591 15.1481 0.0201718 0.999778 -0.00601306 -2.49746 -0.999409 0.0199961 -0.0279678 111.155 
-0.0299528 0.00839188 0.999516 15.9284 0.0192711 0.999784 -0.00781662 -2.49145 -0.999366 0.0190277 -0.0301081 111.177 
-0.0319082 0.00926361 0.999448 16.7152 0.0185216 0.999791 -0.00867547 -2.50026 -0.999319 0.0182346 -0.0320731 111.188 
-0.0327873 0.00635383 0.999442 17.5127 0.0155684 0.999862 -0.00584577 -2.51655 -0.999341 0.015368 -0.0328817 111.152 
-0.0340487 0.00493296 0.999408 18.3187 0.0142321 0.999889 -0.00445046 -2.52215 -0.999319 0.0140722 -0.0341151 111.119 
-0.0352105 0.00620811 0.999361 19.1324 0.0119576 0.999912 -0.00579024 -2.57023 -0.999308 0.0117461 -0.0352816 111.065 
-0.0358956 0.00860867 0.999318 19.9496 0.0166447 0.999829 -0.00801519 -2.58729 -0.999217 0.0163457 -0.0360327 111.032 
-0.0374428 0.00701998 0.999274 20.7718 0.021748 0.999744 -0.00620838 -2.59663 -0.999062 0.0214998 -0.0375859 111.02 
-0.0411624 0.00877126 0.999114 21.6029 0.0233301 0.999697 -0.0078152 -2.60583 -0.99888 0.0229877 -0.0413546 111.041 
-0.041973 0.0123171 0.999043 22.4411 0.0220822 0.999691 -0.0113974 -2.61708 -0.998875 0.0215826 -0.0422321 111.008 
-0.0427473 0.0156744 0.998963 23.2817 0.0180583 0.999726 -0.0149136 -2.64702 -0.998923 0.0174021 -0.0430187 110.973 
-0.0435162 0.0179066 0.998892 24.1258 0.013378 0.99976 -0.0173394 -2.66162 -0.998963 0.0126086 -0.0437453 110.956 
-0.0429114 0.0211674 0.998855 24.97 0.00772751 0.999753 -0.0208545 -2.69468 -0.999049 0.00682376 -0.0430644 110.924 
-0.0421521 0.0232685 0.99884 25.8073 0.0074922 0.999708 -0.0229725 -2.72125 -0.999083 0.00651517 -0.0423141 110.887 
-0.0408196 0.0199056 0.998968 26.6373 0.0145666 0.999707 -0.0193251 -2.75274 -0.99906 0.0137628 -0.0410976 110.844 
-0.0396909 0.0173398 0.999062 27.4579 0.0256167 0.999538 -0.0163304 -2.777 -0.998884 0.0249444 -0.0401168 110.808 
-0.0395603 0.0148622 0.999107 28.2807 0.0310205 0.999426 -0.0136386 -2.77851 -0.998736 0.0304533 -0.0399986 110.777 
-0.0385601 0.0122776 0.999181 29.1129 0.0259431 0.9996 -0.0112816 -2.78529 -0.998919 0.0254868 -0.0388632 110.76 
-0.0380813 0.0103041 0.999222 29.9441 0.017698 0.999797 -0.00963553 -2.81508 -0.999118 0.0173173 -0.0382559 110.739 
-0.0388321 0.00935101 0.999202 30.7655 0.0145237 0.999856 -0.00879269 -2.84999 -0.99914 0.0141706 -0.0389623 110.739 
-0.0388222 0.0108945 0.999187 31.578 0.015532 0.999826 -0.010298 -2.86543 -0.999125 0.0151196 -0.0389847 110.701 
-0.0392981 0.0151518 0.999113 32.3896 0.0166475 0.999756 -0.0145067 -2.89798 -0.999089 0.0160626 -0.0395408 110.672 
-0.0409706 0.0164739 0.999025 33.1948 0.0166115 0.999737 -0.0158044 -2.92603 -0.999022 0.0159477 -0.0412335 110.636 
-0.0436673 0.0158105 0.998921 33.9993 0.0171383 0.999739 -0.0150742 -2.94438 -0.998899 0.0164616 -0.0439268 110.624 
-0.0424232 0.0103429 0.999046 34.7966 0.0169629 0.99981 -0.00963046 -2.95323 -0.998956 0.0165382 -0.0425906 110.553 
-0.0446985 0.0134748 0.99891 35.5922 0.0176075 0.999764 -0.0126985 -2.97725 -0.998845 0.0170207 -0.0449252 110.516 
-0.0463148 0.015965 0.998799 36.3854 0.0167274 0.999744 -0.0152045 -3.00875 -0.998787 0.0160031 -0.0465701 110.471 
-0.0482697 0.0167002 0.998695 37.1749 0.0151822 0.999757 -0.0159841 -3.04379 -0.998719 0.0143908 -0.0485115 110.433 
-0.0503848 0.0185512 0.998558 37.957 0.0156734 0.999719 -0.0177819 -3.07919 -0.998607 0.0147549 -0.0506614 110.398 
-0.0524018 0.0182214 0.99846 38.7376 0.0166492 0.99971 -0.0173705 -3.11019 -0.998487 0.0157133 -0.05269 110.368 
-0.0545465 0.0163987 0.998377 39.5092 0.0182303 0.999715 -0.0154246 -3.11795 -0.998345 0.0173594 -0.0548299 110.339 
-0.0559333 0.0152562 0.998318 40.2809 0.0163222 0.999764 -0.0143638 -3.15502 -0.998301 0.0154913 -0.0561691 110.293 
-0.0578072 0.0145447 0.998222 41.0487 0.0158692 0.999781 -0.0136484 -3.17167 -0.998202 0.015052 -0.0580254 110.255 
-0.0595104 0.0152825 0.998111 41.8085 0.0148541 0.999786 -0.0144225 -3.20626 -0.998117 0.0139677 -0.0597247 110.222 
-0.0612894 0.0167594 0.997979 42.5574 0.0134798 0.999782 -0.0159619 -3.24139 -0.998029 0.0124743 -0.061502 110.188 
-0.0624722 0.0172007 0.997898 43.2905 0.012356 0.999788 -0.0164597 -3.26859 -0.99797 0.0113018 -0.0626715 110.157 
-0.0631647 0.0224436 0.997751 44.003 0.0116339 0.999696 -0.0217508 -3.32249 -0.997935 0.0102338 -0.0634066 110.118 
-0.062372 0.0214016 0.997823 44.7063 0.0147688 0.99968 -0.0205183 -3.34639 -0.997944 0.0134569 -0.0626682 110.062 
-0.0622727 0.0201746 0.997855 45.4055 0.0161968 0.999684 -0.0192008 -3.38787 -0.997928 0.0149664 -0.0625798 110.022 
-0.0608923 0.0236869 0.997863 46.1 0.0188017 0.999568 -0.02258 -3.41644 -0.997967 0.0173866 -0.0613114 109.956 
-0.0616172 0.0241493 0.997808 46.7923 0.0175638 0.999579 -0.0231075 -3.4686 -0.997945 0.0161015 -0.0620154 109.912 
-0.0625195 0.0237164 0.997762 47.4858 0.0166632 0.999603 -0.0227161 -3.50672 -0.997905 0.0152057 -0.0628899 109.873 
-0.0634708 0.0236086 0.997704 48.1743 0.0160394 0.999615 -0.0226334 -3.53713 -0.997855 0.014566 -0.063825 109.854 
-0.0630504 0.0278039 0.997623 48.8585 0.0165805 0.999503 -0.0268084 -3.57133 -0.997873 0.0148508 -0.06348 109.813 
-0.0628131 0.0240951 0.997734 49.5433 0.0180935 0.999572 -0.0230004 -3.57413 -0.997861 0.0166078 -0.0632222 109.798 
-0.0630922 0.0236508 0.997727 50.2181 0.0163298 0.99961 -0.0226628 -3.60819 -0.997874 0.0148629 -0.0634538 109.77 
-0.0635664 0.0220539 0.997734 50.8893 0.0151118 0.999662 -0.0211337 -3.64051 -0.997863 0.0137342 -0.0638783 109.719 
-0.0683715 0.025052 0.997345 51.5588 0.0150013 0.999597 -0.0240802 -3.67243 -0.997547 0.013315 -0.0687198 109.707 
-0.0742542 0.0259019 0.996903 52.2245 0.0154566 0.999572 -0.02482 -3.69298 -0.99712 0.0135657 -0.0746229 109.674 
-0.0806947 0.0251033 0.996423 52.8835 0.0188682 0.999542 -0.0236538 -3.72849 -0.99656 0.016892 -0.0811314 109.629 
-0.0871072 0.0191422 0.996015 53.5433 0.0214414 0.99962 -0.0173363 -3.73169 -0.995968 0.0198458 -0.0874845 109.559 
-0.0946986 0.0207505 0.99529 54.2115 0.0231991 0.999557 -0.0186321 -3.75695 -0.995236 0.0213254 -0.0951381 109.495 
-0.100849 0.0251386 0.994584 54.8827 0.0229925 0.999473 -0.0229308 -3.785 -0.994636 0.0205554 -0.101373 109.436 
-0.107554 0.0245461 0.993896 55.5607 0.0230331 0.999488 -0.0221917 -3.79381 -0.993932 0.0205057 -0.108065 109.388 
-0.11218 0.0245919 0.993384 56.2402 0.0239263 0.999471 -0.0220407 -3.80714 -0.9934 0.0212955 -0.112709 109.318 
-0.11573 0.0248677 0.992969 56.9259 0.0238627 0.999468 -0.0222492 -3.8286 -0.992994 0.0211201 -0.116262 109.232 
-0.117174 0.0224211 0.992858 57.6178 0.0200715 0.999594 -0.0202045 -3.85128 -0.992909 0.0175607 -0.117577 109.124 
-0.119043 0.0246574 0.992583 58.325 0.0155636 0.999615 -0.0229655 -3.90263 -0.992767 0.0127143 -0.119381 109.042 
-0.119624 0.0217345 0.992581 59.0461 0.0133947 0.999705 -0.0202761 -3.9104 -0.992729 0.0108698 -0.11988 108.945 
-0.121325 0.0219009 0.992371 59.7709 0.0136599 0.999699 -0.0203926 -3.92733 -0.992519 0.0110816 -0.121588 108.864 
-0.121365 0.0181594 0.992442 60.4984 0.0168921 0.999726 -0.0162269 -3.9462 -0.992464 0.014795 -0.121639 108.778 
-0.121905 0.0133359 0.992452 61.2305 0.0195377 0.999748 -0.0110341 -3.97295 -0.992349 0.0180451 -0.122135 108.689 
-0.123542 0.0112394 0.992276 61.9677 0.0225158 0.99971 -0.00852033 -4.01268 -0.992084 0.0212893 -0.123759 108.579 
-0.124201 0.0116739 0.992188 62.7098 0.0237613 0.999679 -0.00878762 -4.03284 -0.991973 0.0224842 -0.124438 108.476 
-0.12438 0.013344 0.992145 63.4561 0.0218205 0.999705 -0.0107101 -4.05222 -0.991995 0.020317 -0.124634 108.377 
-0.123757 0.011604 0.992245 64.205 0.0169048 0.999811 -0.009584 -4.06774 -0.992169 0.0155876 -0.12393 108.27 
-0.123565 0.0097078 0.992289 64.9513 0.0137829 0.999872 -0.00806568 -4.09261 -0.992241 0.01268 -0.123683 108.178 
-0.124615 0.00940706 0.992161 65.7054 0.0128809 0.999886 -0.00786248 -4.1151 -0.992122 0.0118002 -0.124722 108.085 
-0.126444 0.0104084 0.991919 66.448 0.0138071 0.999867 -0.00873171 -4.14403 -0.991878 0.0125915 -0.126571 108 
-0.128745 0.0105682 0.991621 67.1923 0.0145677 0.999855 -0.0087646 -4.16433 -0.991571 0.0133172 -0.12888 107.918 
-0.130679 0.00929447 0.991381 67.9317 0.014698 0.999864 -0.00743659 -4.18 -0.991316 0.0135995 -0.130798 107.819 
-0.13276 0.0110622 0.991086 68.6795 0.0148805 0.999847 -0.0091667 -4.20351 -0.991036 0.0135309 -0.132905 107.728 
-0.134654 0.0110851 0.990831 69.4279 0.0145643 0.999852 -0.00920674 -4.21667 -0.990786 0.013191 -0.134796 107.624 
-0.136648 0.0132597 0.990531 70.1831 0.0155371 0.999816 -0.0112406 -4.23829 -0.990498 0.013854 -0.136828 107.532 
-0.139432 0.0141005 0.990131 70.9395 0.0172593 0.999781 -0.0118075 -4.26201 -0.990081 0.0154427 -0.139645 107.462 
-0.139981 0.0134287 0.990063 71.6965 0.017535 0.999785 -0.0110814 -4.27824 -0.989999 0.0158096 -0.140186 107.351 
-0.141524 0.0142877 0.989832 72.4587 0.0177001 0.999773 -0.0119005 -4.30507 -0.989777 0.0158359 -0.141745 107.241 
-0.143368 0.0179413 0.989507 73.2282 0.0163491 0.999742 -0.0157581 -4.34522 -0.989534 0.0139183 -0.143625 107.137 
-0.144526 0.0206042 0.989287 74.0025 0.014844 0.999716 -0.0186529 -4.36802 -0.98939 0.0119892 -0.14479 107.036 
-0.147524 0.0231633 0.988787 74.7838 0.0135111 0.99968 -0.0214027 -4.39399 -0.988966 0.0102022 -0.147789 106.948 
-0.14986 0.0215932 0.988471 75.5676 0.0126126 0.999722 -0.0199268 -4.4147 -0.988627 0.009481 -0.150091 106.84 
-0.151397 0.0177871 0.988313 76.3578 0.0127198 0.99979 -0.0160452 -4.42927 -0.988391 0.0101419 -0.151592 106.732 
-0.154532 0.0208732 0.987767 77.1545 0.0142208 0.99972 -0.018901 -4.45946 -0.987886 0.0111261 -0.154785 106.65 
-0.157239 0.0183921 0.987389 77.9458 0.0159298 0.999744 -0.0160854 -4.50807 -0.987432 0.0131997 -0.157491 106.514 
-0.158082 0.0197834 0.987228 78.7421 0.0196021 0.999665 -0.0168938 -4.55435 -0.987231 0.0166811 -0.158417 106.372 
-0.157364 0.0192855 0.987352 79.5433 0.0245115 0.999578 -0.0156176 -4.56343 -0.987236 0.0217439 -0.15777 106.223 
-0.157247 0.0163754 0.987424 80.3561 0.0243837 0.999622 -0.0126947 -4.59283 -0.987258 0.0220809 -0.157586 106.08 
-0.157958 0.0144752 0.98734 81.1803 0.0226288 0.999683 -0.0110359 -4.62459 -0.987186 0.0205991 -0.158236 105.972 
-0.157663 0.0145735 0.987385 82.0052 0.0204738 0.999724 -0.0114864 -4.65653 -0.987281 0.0184046 -0.157918 105.824 
-0.15603 0.0159349 0.987624 82.8309 0.0176552 0.999755 -0.0133413 -4.70491 -0.987595 0.015355 -0.156273 105.669 
-0.153972 0.0168712 0.987931 83.6642 0.0156055 0.999771 -0.0146412 -4.7278 -0.987952 0.0131628 -0.1542 105.525 
-0.152182 0.0145878 0.988245 84.5119 0.0121938 0.999843 -0.0128813 -4.74724 -0.988277 0.0100902 -0.152336 105.408 
-0.150341 0.0138468 0.988537 85.3567 0.0085783 0.999883 -0.0127011 -4.77663 -0.988597 0.00657047 -0.150442 105.273 
-0.148049 0.015187 0.988863 86.2019 0.00896632 0.999862 -0.0140135 -4.80162 -0.988939 0.00679177 -0.148165 105.137 
-0.146821 0.0139628 0.989064 87.0474 0.0129794 0.999841 -0.0121882 -4.81096 -0.989078 0.0110479 -0.146979 105.019 
-0.146308 0.0143829 0.989135 87.8953 0.0187013 0.999756 -0.0117712 -4.83672 -0.989062 0.0167759 -0.146541 104.916 
-0.145109 0.0217284 0.989177 88.7435 0.0240994 0.99954 -0.0184207 -4.86609 -0.989122 0.0211656 -0.145566 104.792 
-0.143788 0.024023 0.989317 89.5979 0.0221693 0.999533 -0.021049 -4.90688 -0.98936 0.0189059 -0.144253 104.648 
-0.14093 0.020774 0.989802 90.4618 0.0195961 0.999642 -0.0181904 -4.90971 -0.989826 0.0168327 -0.141287 104.53 
-0.142528 0.0212834 0.989562 91.326 0.0173041 0.99967 -0.0190084 -4.9606 -0.98964 0.0144142 -0.142849 104.424 
-0.141574 0.0215549 0.989693 92.1835 0.017201 0.999666 -0.0193115 -4.98805 -0.989778 0.0142897 -0.141898 104.306 
-0.140799 0.0228694 0.989774 93.041 0.0174472 0.999635 -0.0206153 -5.02638 -0.989885 0.0143661 -0.141146 104.163 
-0.138949 0.0203705 0.99009 93.8942 0.0148089 0.999719 -0.0184904 -5.06342 -0.990189 0.0120929 -0.139212 103.998 
-0.136774 0.0157054 0.990478 94.7517 0.0132378 0.999814 -0.0140255 -5.08454 -0.990514 0.0111935 -0.136957 103.861 
-0.135316 0.0185828 0.990628 95.5935 0.014853 0.99975 -0.016725 -5.14363 -0.990691 0.0124506 -0.135559 103.691 
-0.134471 0.0222842 0.990667 96.4459 0.0180886 0.999636 -0.0200306 -5.18667 -0.990752 0.0152262 -0.134825 103.575 
-0.134096 0.0222582 0.990718 97.3005 0.0201832 0.999602 -0.0197259 -5.19374 -0.990763 0.0173507 -0.134492 103.491 
-0.133226 0.0268376 0.990722 98.1513 0.0172096 0.999545 -0.0247623 -5.21668 -0.990936 0.013751 -0.133628 103.379 
-0.134084 0.0325844 0.990434 99.0031 0.0163469 0.999396 -0.0306662 -5.25443 -0.990835 0.0120787 -0.134535 103.311 
-0.135124 0.0351808 0.990204 99.8428 0.018109 0.99929 -0.0330325 -5.27912 -0.990663 0.0134681 -0.135665 103.207 
-0.135899 0.038982 0.989955 100.675 0.0249305 0.999044 -0.0359175 -5.31348 -0.990409 0.0197989 -0.136741 103.097 
-0.136612 0.0367652 0.989942 101.505 0.0277037 0.999062 -0.0332808 -5.33285 -0.990237 0.0228785 -0.137502 102.998 
-0.136329 0.038528 0.989914 102.326 0.0283658 0.998986 -0.0349746 -5.38543 -0.990257 0.0233116 -0.137284 102.864 
-0.136727 0.0347757 0.989998 103.15 0.0278553 0.999123 -0.0312492 -5.41372 -0.990217 0.0233041 -0.137576 102.753 
-0.137892 0.0346431 0.989841 103.966 0.0285156 0.999113 -0.0309951 -5.45813 -0.990037 0.0239519 -0.138757 102.65 
-0.137403 0.031701 0.990008 104.775 0.0310495 0.999134 -0.0276839 -5.49584 -0.990028 0.0269354 -0.138268 102.527 
-0.137396 0.0305744 0.990044 105.58 0.032296 0.99913 -0.026373 -5.54004 -0.989989 0.0283509 -0.138264 102.413 
-0.137578 0.0331576 0.989936 106.374 0.0326917 0.999047 -0.0289194 -5.59447 -0.989951 0.028384 -0.138531 102.26 
-0.139759 0.0360453 0.989529 107.17 0.0320122 0.998979 -0.0318682 -5.64118 -0.989668 0.0272232 -0.14077 102.153 
-0.143171 0.0358828 0.989047 107.961 0.0348316 0.998906 -0.0311983 -5.66227 -0.989085 0.0299834 -0.144264 102.056 
-0.145574 0.0352737 0.988718 108.743 0.037544 0.998841 -0.0301071 -5.70026 -0.988635 0.0327376 -0.146729 101.933 
-0.150145 0.0370991 0.987968 109.524 0.0402081 0.998698 -0.0313914 -5.72532 -0.987846 0.035011 -0.151441 101.84 
-0.153663 0.0375584 0.987409 110.293 0.0388668 0.998734 -0.0319406 -5.79484 -0.987359 0.0334693 -0.154929 101.696 
-0.157029 0.0354325 0.986958 111.068 0.0373441 0.998855 -0.0299179 -5.8233 -0.986888 0.0321591 -0.158172 101.604 
-0.160273 0.0346926 0.986463 111.839 0.0381309 0.998854 -0.0289331 -5.85337 -0.986336 0.0329775 -0.161413 101.494 
-0.162061 0.0396973 0.985982 112.599 0.0436181 0.998502 -0.0330321 -5.90585 -0.985816 0.0376534 -0.16355 101.375 
-0.162699 0.0395974 0.985881 113.353 0.0497454 0.998253 -0.0318848 -5.94622 -0.985421 0.0438554 -0.164384 101.247 
-0.164562 0.0360743 0.985707 114.101 0.0508427 0.998313 -0.0280476 -5.99033 -0.985056 0.0455004 -0.166118 101.082 
-0.166872 0.0333192 0.985415 114.86 0.0483825 0.998502 -0.0255685 -6.00764 -0.984791 0.0434102 -0.168234 100.952 
-0.169862 0.035827 0.984816 115.624 0.0410565 0.998729 -0.0292517 -6.04501 -0.984612 0.0354643 -0.171117 100.822 
-0.170982 0.035458 0.984636 116.373 0.0397774 0.998786 -0.0290601 -6.07691 -0.984471 0.0341975 -0.172185 100.664 
-0.172817 0.0365225 0.984277 117.118 0.0428709 0.998644 -0.0295285 -6.11565 -0.984021 0.0370938 -0.174148 100.535 
-0.175086 0.039179 0.983773 117.858 0.0473644 0.998386 -0.0313313 -6.15008 -0.983413 0.0411101 -0.176659 100.388 
-0.177635 0.0398677 0.983288 118.596 0.0497648 0.998265 -0.0314846 -6.20256 -0.982837 0.0433403 -0.179311 100.253 
-0.179112 0.0366811 0.983145 119.327 0.0527974 0.998223 -0.0276249 -6.23743 -0.982411 0.0469595 -0.18073 100.088 
-0.181019 0.0346265 0.98287 120.061 0.0565792 0.998091 -0.0247424 -6.26187 -0.981851 0.0511312 -0.182632 99.965 
-0.185117 0.0348422 0.982099 120.798 0.0600088 0.997907 -0.0240919 -6.27808 -0.980882 0.0544747 -0.186821 99.8611 
-0.187938 0.0331257 0.981622 121.532 0.0567588 0.998127 -0.0228159 -6.30815 -0.98054 0.0514277 -0.189466 99.7331 
-0.191875 0.0308429 0.980935 122.259 0.0518436 0.998429 -0.0212522 -6.34645 -0.980049 0.0467774 -0.193173 99.5608 
-0.198462 0.0287158 0.979688 122.99 0.0505703 0.998539 -0.019024 -6.35291 -0.978803 0.0457676 -0.199624 99.4447 
-0.20368 0.0289095 0.978611 123.711 0.0496813 0.998581 -0.0191592 -6.37488 -0.977776 0.0447163 -0.204828 99.2884 
-0.211703 0.0306037 0.976855 124.426 0.0503055 0.998526 -0.0203804 -6.41 -0.976039 0.0448266 -0.21293 99.1416 
-0.222222 0.033046 0.974436 125.135 0.0514102 0.998432 -0.0221356 -6.4394 -0.97364 0.0451769 -0.223572 98.9721 
-0.234352 0.0332321 0.971584 125.841 0.0518334 0.998421 -0.0216475 -6.47419 -0.970769 0.0452873 -0.235704 98.8042 
-0.246523 0.034159 0.968535 126.537 0.0525118 0.998381 -0.0218457 -6.50155 -0.967713 0.045474 -0.247918 98.5977 
-0.257815 0.031979 0.965665 127.236 0.0510355 0.998508 -0.0194411 -6.53534 -0.964846 0.044271 -0.259062 98.4058 
-0.269484 0.0291954 0.962562 127.941 0.0516142 0.998542 -0.0158365 -6.52826 -0.961621 0.0454142 -0.270598 98.2433 
-0.278664 0.0253881 0.960053 128.624 0.0483833 0.998752 -0.0123678 -6.56416 -0.959169 0.043004 -0.279545 98.0119 
-0.287849 0.0197708 0.957472 129.312 0.0451747 0.998954 -0.00704631 -6.59016 -0.95661 0.0412253 -0.288441 97.7929 
-0.295104 0.0153463 0.955342 129.994 0.0428288 0.999078 -0.00281907 -6.60287 -0.954505 0.0400842 -0.295489 97.5657 
-0.301827 0.015194 0.953242 130.677 0.0428039 0.999081 -0.00237155 -6.61585 -0.952401 0.0400867 -0.302199 97.3551 
-0.306391 0.0124484 0.951825 131.354 0.0394461 0.999222 -0.000370666 -6.62366 -0.951088 0.0374322 -0.306643 97.1217 
-0.308191 0.00680973 0.9513 132.032 0.0347209 0.999389 0.00409451 -6.60821 -0.950691 0.0342919 -0.308239 96.9 
-0.308308 0.000723421 0.951286 132.701 0.0309161 0.999479 0.00925972 -6.60053 -0.950784 0.0322649 -0.30817 96.6625 
-0.307935 -0.00447558 0.951397 133.363 0.026441 0.999562 0.0132602 -6.61501 -0.95104 0.0292392 -0.307682 96.4229 
-0.307679 -0.00724356 0.951463 134.021 0.0300554 0.999398 0.0173277 -6.62077 -0.951015 0.033928 -0.307276 96.206 
-0.306067 -0.00725809 0.951982 134.678 0.0332079 0.999281 0.0182952 -6.62494 -0.951431 0.0372129 -0.305606 95.9926 
-0.306211 -0.0092798 0.951919 135.338 0.032197 0.999279 0.0200985 -6.60988 -0.951419 0.0368033 -0.305691 95.7983 
-0.3049 -0.011843 0.952311 135.996 0.0291898 0.999337 0.0217735 -6.60671 -0.951937 0.0344365 -0.304352 95.5975 
-0.302455 -0.015251 0.953042 136.646 0.0243071 0.999423 0.0237073 -6.60577 -0.952854 0.0303361 -0.30191 95.3844 
-0.303241 -0.0163848 0.952773 137.294 0.0236131 0.999416 0.0247023 -6.61191 -0.952621 0.0299887 -0.302677 95.2104 
-0.299994 -0.017045 0.953789 137.93 0.0268718 0.999293 0.0263102 -6.5952 -0.953562 0.033523 -0.299324 95.0147 
-0.29677 -0.0190384 0.954759 138.564 0.0274707 0.999217 0.0284637 -6.58779 -0.954554 0.034675 -0.296015 94.8318 
-0.289901 -0.0196235 0.956855 139.19 0.0271427 0.999219 0.0287158 -6.57159 -0.956672 0.0342964 -0.289142 94.6284 
-0.283902 -0.0209988 0.958623 139.813 0.0250164 0.999258 0.0292977 -6.56116 -0.958527 0.0322989 -0.283166 94.4301 
-0.278624 -0.0218622 0.960151 140.437 0.0223479 0.999323 0.0292392 -6.55845 -0.96014 0.0296041 -0.277946 94.2574 
-0.273812 -0.020041 0.961574 141.046 0.0222647 0.999383 0.027169 -6.55211 -0.961526 0.0288484 -0.273197 94.0562 
-0.272527 -0.0194914 0.961951 141.668 0.021489 0.999422 0.0263386 -6.53948 -0.961908 0.0278494 -0.27195 93.9138 
-0.268749 -0.0231132 0.962933 142.275 0.0183704 0.999407 0.0291158 -6.52939 -0.963035 0.0255143 -0.268165 93.729 
-0.26368 -0.0239086 0.964314 142.874 0.0163283 0.999439 0.0292442 -6.52138 -0.964472 0.0234567 -0.263142 93.5313 
-0.26005 -0.0214654 0.965357 143.472 0.0158202 0.999524 0.0264868 -6.52475 -0.965466 0.02216 -0.259586 93.3663 
-0.255545 -0.018557 0.966619 144.059 0.0175939 0.999561 0.0238407 -6.53299 -0.966637 0.023099 -0.255106 93.1958 
-0.253391 -0.0183026 0.967191 144.652 0.0216732 0.999463 0.0245914 -6.53425 -0.967121 0.0271933 -0.252858 93.0747 
-0.247802 -0.0208055 0.968587 145.235 0.0238341 0.999336 0.0275637 -6.52482 -0.968517 0.0299158 -0.247142 92.9213 
-0.240833 -0.0193306 0.970374 145.815 0.0252513 0.999338 0.0261746 -6.52438 -0.970238 0.0308069 -0.240185 92.7884 
-0.233875 -0.0155749 0.972142 146.399 0.0264928 0.999398 0.0223851 -6.5012 -0.971906 0.0309901 -0.233322 92.6774 
