1 0 0 0 0 1 0 0 0 0 1 0 
0.998984 0.000355583 0.0450621 0.0506824 -0.000243968 0.999997 -0.0024824 -0.00403973 -0.0450628 0.00246888 0.998981 1.00105 
0.997227 -0.00175399 0.0743945 0.856985 0.00240447 0.99996 -0.00865498 -0.00036407 -0.0743764 0.00880986 0.997191 1.5922 
0.995108 0.00286627 0.0987524 1.67441 -0.00149347 0.999901 -0.0139726 -0.028548 -0.0987827 0.0137568 0.995014 2.17013 
0.991345 0.0100622 0.130899 2.43166 -0.00765018 0.999792 -0.0189167 -0.0451155 -0.131062 0.0177515 0.991215 2.81334 
0.984101 0.00831366 0.177416 2.59416 -0.0049566 0.9998 -0.0193568 -0.0494202 -0.177541 0.0181697 0.983946 3.79858 
0.980817 0.0110613 0.194616 3.48606 -0.0068308 0.999726 -0.0223956 -0.0877688 -0.19481 0.0206366 0.980624 4.23205 
0.97071 0.00947709 0.240068 3.70155 -0.00344167 0.999668 -0.0255473 -0.113093 -0.24023 0.0239728 0.97042 5.19923 
0.959034 0.00718492 0.2832 3.98995 0.000496045 0.999634 -0.027041 -0.142213 -0.283291 0.0260737 0.95868 6.14343 
0.945744 0.00684803 0.324841 4.33817 0.00256021 0.99959 -0.0285263 -0.166566 -0.324903 0.0278103 0.945338 7.06701 
0.929587 0.00776358 0.36852 4.69994 0.00280779 0.9996 -0.0281411 -0.201285 -0.368591 0.0271943 0.929194 7.98236 
0.911096 0.00911831 0.412093 5.1006 0.00280274 0.999595 -0.0283145 -0.246523 -0.412184 0.0269522 0.910702 8.87741 
0.890696 0.0106346 0.454476 5.57849 0.00250755 0.999596 -0.0283046 -0.280381 -0.454593 0.0263504 0.890309 9.732 
0.868544 0.0100328 0.495511 6.06541 0.00493528 0.99957 -0.0288893 -0.307791 -0.495588 0.0275371 0.868121 10.5776 
0.844523 0.00858755 0.53545 6.59034 0.00750247 0.999584 -0.0278643 -0.357444 -0.535467 0.0275493 0.844107 11.3972 
0.81969 0.00864547 0.572743 7.14505 0.0103206 0.999501 -0.0298578 -0.368539 -0.572715 0.0303852 0.819191 12.189 
0.792464 0.00415857 0.609905 7.73057 0.015271 0.999528 -0.0266572 -0.382051 -0.609727 0.0304387 0.792026 12.9603 
0.747001 0.00486084 0.664805 7.30536 0.0171789 0.999498 -0.0266108 -0.406774 -0.664601 0.0312989 0.746543 13.8263 
0.713373 0.00522925 0.700765 7.90396 0.0205867 0.999384 -0.0284147 -0.414175 -0.700482 0.0346967 0.712826 14.5777 
0.682345 0.00101702 0.731029 8.73793 0.026057 0.99933 -0.025712 -0.416848 -0.730566 0.0365929 0.681861 15.0451 
0.648531 0.00275856 0.761183 9.50673 0.0279381 0.999233 -0.0274247 -0.414191 -0.760675 0.0390517 0.647957 15.6078 
0.614642 0.00119935 0.788805 10.349 0.0328345 0.999093 -0.027104 -0.393343 -0.788122 0.0425593 0.614046 16.0509 
0.578094 -0.000228 0.81597 11.1778 0.0390166 0.998864 -0.0273632 -0.383389 -0.815037 0.0476549 0.577446 16.5209 
0.516633 0.000948812 0.856206 10.8515 0.0438202 0.99866 -0.0275477 -0.351357 -0.855085 0.0517512 0.515899 17.4152 
0.478304 -0.0054029 0.878178 9.90599 0.045888 0.998769 -0.0188483 -0.443969 -0.876995 0.049313 0.477963 17.557 
0.440665 -0.00572093 0.897653 10.7597 0.0478676 0.998707 -0.0171336 -0.474984 -0.896394 0.0505187 0.440369 18.0029 
0.405899 -0.00466445 0.913906 11.6356 0.0513229 0.998525 -0.0176981 -0.501019 -0.912476 0.054088 0.40554 18.4074 
0.3731 -0.00304259 0.927786 12.5399 0.0507613 0.998564 -0.0171385 -0.529419 -0.926401 0.05349 0.372719 18.7762 
0.339676 -0.0029734 0.940538 13.4603 0.0503586 0.998618 -0.0150301 -0.565009 -0.939193 0.0524696 0.339357 19.1314 
0.307382 -0.00172304 0.951585 14.411 0.0509416 0.998594 -0.0146471 -0.598089 -0.950222 0.0529775 0.307038 19.4164 
0.276433 0.00222583 0.961031 15.3757 0.0531669 0.99843 -0.0176055 -0.605237 -0.959561 0.0559618 0.275881 19.6508 
0.247113 0.00482443 0.968975 16.3508 0.0546867 0.998324 -0.0189171 -0.627555 -0.967442 0.0576647 0.246435 19.874 
0.216431 0.00492768 0.976285 17.3379 0.0559177 0.998283 -0.017435 -0.647882 -0.974695 0.0583651 0.215784 20.1115 
0.186028 0.00539552 0.98253 18.3472 0.0562061 0.998289 -0.0161239 -0.671061 -0.980935 0.0582237 0.185407 20.3002 
0.155639 0.00819277 0.98778 19.372 0.0555552 0.99831 -0.0170336 -0.691393 -0.986251 0.0575274 0.15492 20.4725 
0.125642 0.00935691 0.992032 20.4151 0.0555347 0.998321 -0.0164498 -0.715708 -0.99052 0.0571589 0.124912 20.6132 
0.0984058 0.00823164 0.995112 21.4729 0.0562844 0.998319 -0.0138241 -0.746162 -0.993553 0.0573697 0.0977771 20.7253 
0.0732916 0.00519315 0.997297 22.5485 0.0577027 0.998289 -0.0094389 -0.760315 -0.99564 0.0582385 0.0728666 20.7926 
0.0512445 0.00139557 0.998685 23.6405 0.058659 0.998268 -0.00440489 -0.76966 -0.996962 0.0588076 0.0510739 20.8213 
0.0301235 -0.00245116 0.999543 24.7443 0.0592033 0.998246 0.000663753 -0.759601 -0.997791 0.0591563 0.0302158 20.8377 
0.0131294 -0.00592872 0.999896 25.8605 0.0593516 0.998224 0.00513947 -0.751026 -0.998151 0.0592779 0.0134579 20.8364 
-0.00255765 -0.00806662 0.999964 26.9897 0.0596413 0.998186 0.00820483 -0.74303 -0.998217 0.0596601 -0.00207191 20.8154 
-0.0169805 -0.00997748 0.999806 28.1249 0.0592169 0.998185 0.010967 -0.738886 -0.998101 0.0593917 -0.0163589 20.7921 
-0.0296351 -0.00936563 0.999517 29.266 0.0581845 0.998244 0.0110788 -0.72894 -0.997866 0.0584847 -0.0290381 20.7344 
-0.0415257 -0.00822719 0.999104 30.4131 0.0588385 0.998211 0.0106653 -0.708832 -0.997403 0.0592286 -0.0409673 20.6641 
-0.0516588 -0.00772846 0.998635 31.571 0.0614546 0.99805 0.010903 -0.706468 -0.996772 0.061934 -0.0510832 20.5714 
-0.0624151 -0.0081314 0.998017 32.7503 0.064526 0.997842 0.0121654 -0.712958 -0.995962 0.0651573 -0.0617557 20.5295 
-0.0720894 -0.00824358 0.997364 33.9504 0.0672596 0.997649 0.0131075 -0.688319 -0.995128 0.0680272 -0.0713655 20.4408 
-0.0795505 -0.00784342 0.9968 35.1738 0.0676984 0.997618 0.0132526 -0.682092 -0.994529 0.068536 -0.07883 20.3362 
-0.082902 -0.00777382 0.996527 36.4132 0.0691055 0.997518 0.0135305 -0.651156 -0.994159 0.0699872 -0.082159 20.1622 
-0.0879755 -0.00904835 0.996082 37.6778 0.0702163 0.997415 0.0152621 -0.640055 -0.993645 0.0712838 -0.0871127 20.0538 
-0.0926106 -0.00745362 0.995675 38.9656 0.0720769 0.997298 0.0141699 -0.633087 -0.99309 0.0730774 -0.0918232 19.9178 
-0.096466 -0.00780743 0.995306 40.2739 0.0729851 0.997222 0.0148962 -0.611177 -0.992657 0.0740794 -0.0956282 19.7778 
-0.0991327 -0.00526789 0.99506 41.6046 0.072563 0.997285 0.0125087 -0.565825 -0.992425 0.0734446 -0.0984813 19.6142 
-0.103102 -0.00501822 0.994658 42.965 0.0696279 0.997498 0.0122499 -0.569421 -0.992231 0.0705189 -0.102495 19.5034 
-0.105851 -0.00430431 0.994373 44.343 0.068221 0.997603 0.0115804 -0.557767 -0.992039 0.0690629 -0.105303 19.3748 
-0.107015 -0.0089171 0.994217 45.7396 0.0677672 0.997569 0.0162414 -0.564555 -0.991945 0.0691135 -0.10615 19.2218 
-0.104832 -0.0094208 0.994445 47.1464 0.0678972 0.997554 0.0166078 -0.535736 -0.992169 0.0692611 -0.103936 18.9991 
-0.104765 -0.0129856 0.994412 48.5848 0.0687863 0.997425 0.0202719 -0.523825 -0.992115 0.0705257 -0.103602 18.8317 
-0.106059 -0.00755115 0.994331 50.0386 0.0698387 0.997445 0.015024 -0.461836 -0.991904 0.0710363 -0.10526 18.6705 
-0.105459 -0.00685505 0.9944 51.5112 0.0720413 0.997296 0.0145152 -0.423387 -0.991811 0.0731686 -0.10468 18.4682 
-0.104835 -0.00422468 0.994481 53.0114 0.0718053 0.997349 0.0118064 -0.379774 -0.991894 0.0726467 -0.104254 18.2968 
-0.102595 -0.00449907 0.994713 54.5285 0.0709216 0.997412 0.0118261 -0.378137 -0.992192 0.0717599 -0.10201 18.0972 
-0.100566 -0.00566405 0.994914 56.0705 0.0712408 0.997376 0.0128791 -0.367686 -0.992377 0.0721737 -0.099899 17.923 
-0.101533 -0.00318623 0.994827 57.6342 0.072469 0.997314 0.0105904 -0.328566 -0.992189 0.0731694 -0.101029 17.7996 
-0.101026 -0.00246334 0.994881 59.2242 0.0730143 0.997282 0.0098836 -0.301815 -0.992201 0.073639 -0.100572 17.6389 
-0.0997015 -0.00409081 0.995009 60.8288 0.0726264 0.997294 0.0113775 -0.312396 -0.992363 0.0733982 -0.0991346 17.4558 
-0.0990067 -0.00690535 0.995063 62.4539 0.0708435 0.99739 0.0139703 -0.297315 -0.992562 0.0718769 -0.0982591 17.2771 
-0.0977224 -0.0107747 0.995155 64.094 0.0690556 0.997458 0.0175807 -0.286488 -0.992815 0.0704391 -0.0967299 17.0926 
-0.0969317 -0.013096 0.995205 65.7474 0.0693622 0.997393 0.0198805 -0.282957 -0.992871 0.0709567 -0.0957707 16.9469 
-0.098246 -0.012925 0.995078 67.42 0.0715423 0.997237 0.0200166 -0.235019 -0.992587 0.0731567 -0.0970498 16.8322 
-0.0982663 -0.0120182 0.995088 69.1042 0.0713457 0.997269 0.01909 -0.212802 -0.992599 0.0728711 -0.0971405 16.6867 
-0.0981769 -0.0131829 0.995082 70.8015 0.0713121 0.997249 0.0202474 -0.192191 -0.992611 0.0729492 -0.0969667 16.5254 
-0.0999787 -0.0107693 0.994931 72.519 0.0704449 0.997356 0.0178744 -0.143979 -0.992493 0.0718749 -0.0989557 16.3626 
-0.101914 -0.0113624 0.994728 74.2506 0.0696636 0.997398 0.0185302 -0.135058 -0.992351 0.0711848 -0.100857 16.2095 
-0.101652 -0.0123717 0.994743 75.9989 0.0698632 0.997365 0.0195436 -0.0840944 -0.992364 0.0714826 -0.10052 16.0615 
-0.101987 -0.0119858 0.994714 77.7594 0.0710867 0.997283 0.0193052 -0.0446847 -0.992243 0.0726798 -0.100858 15.8682 
-0.102775 -0.0113864 0.994639 79.5327 0.0719226 0.997232 0.0188477 -0.0240089 -0.992101 0.0734741 -0.101672 15.6966 
-0.103894 -0.0107987 0.99453 81.3213 0.0728501 0.997172 0.0184378 0.00367421 -0.991917 0.0743672 -0.102814 15.5323 
-0.104325 -0.0104305 0.994489 83.1172 0.0734794 0.997131 0.0181665 0.00705387 -0.991825 0.0749697 -0.10326 15.3015 
-0.105461 -0.00782962 0.994393 84.9409 0.0724555 0.997251 0.0155365 0.03008 -0.99178 0.0736877 -0.104604 15.1274 
-0.104594 -0.0068014 0.994492 86.7633 0.0731002 0.997219 0.0145082 0.0780851 -0.991825 0.074215 -0.103806 14.8552 
-0.105173 -0.00467216 0.994443 88.6185 0.0718377 0.997341 0.0122834 0.092881 -0.991856 0.0727304 -0.104558 14.7184 
-0.105465 -0.00410134 0.994415 90.4748 0.0730428 0.997258 0.0118598 0.127895 -0.991737 0.0738856 -0.104877 14.481 
-0.106884 -0.00338217 0.994266 92.3511 0.0737592 0.997212 0.0113214 0.126768 -0.991532 0.0745463 -0.106337 14.248 
-0.111946 -0.00339263 0.993709 94.2451 0.0728877 0.997273 0.0116159 0.0834986 -0.991038 0.0737295 -0.111393 14.0611 
-0.116286 -0.00267485 0.993212 96.1514 0.0718433 0.997354 0.0110975 0.0686322 -0.990614 0.0726461 -0.115786 13.8783 
-0.121758 -0.00305922 0.992555 98.0685 0.0692341 0.997533 0.0115676 0.00154743 -0.990142 0.0701271 -0.121246 13.7121 
-0.125602 0.000164529 0.992081 99.9766 0.0720467 0.997361 0.00895605 0.054619 -0.989461 0.0726011 -0.125282 13.4201 
-0.130144 -0.000781318 0.991495 101.906 0.0724282 0.997321 0.0102929 0.0289148 -0.988846 0.0731517 -0.129739 13.173 
-0.135401 -0.000809091 0.99079 103.846 0.0726837 0.997297 0.0107474 -0.00747288 -0.988121 0.0734696 -0.134977 12.9455 
-0.140764 0.000530965 0.990043 105.794 0.0728119 0.997297 0.00981752 -0.0127531 -0.987362 0.0734689 -0.140422 12.6683 
-0.145416 0.00226138 0.989368 107.756 0.0721564 0.997359 0.00832581 -0.0229589 -0.986736 0.0726 -0.145195 12.4075 
-0.151487 0.00447092 0.988449 109.725 0.0719058 0.99739 0.0065087 -0.0293672 -0.98584 0.0720612 -0.151413 12.1189 
-0.158039 0.00542195 0.987418 111.708 0.0713212 0.997436 0.00593822 -0.0434945 -0.984854 0.0713623 -0.158021 11.8489 
-0.177505 0.00595993 0.984102 113.71 0.0710888 0.997447 0.00678172 -0.0667862 -0.981549 0.0711624 -0.177476 11.6772 
-0.183257 0.00574152 0.983048 115.693 0.0724257 0.997344 0.0076764 -0.0658762 -0.980393 0.0726047 -0.183186 11.3144 
-0.190521 0.00693753 0.981659 117.692 0.0728679 0.997316 0.00709406 -0.0768906 -0.978975 0.072883 -0.190515 10.9838 
-0.198384 0.00653346 0.980103 119.7 0.0731814 0.997285 0.00816479 -0.0764597 -0.977388 0.0733451 -0.198324 10.6181 
-0.204021 0.00597612 0.978948 121.714 0.0731815 0.997277 0.00916363 -0.0797874 -0.976227 0.0735105 -0.203903 10.2355 
-0.209654 0.00635362 0.977755 123.732 0.0744133 0.997182 0.00947612 -0.0678261 -0.97494 0.0747447 -0.209536 9.85153 
-0.215039 0.00672427 0.976582 125.762 0.0756789 0.997084 0.00979872 -0.0519356 -0.973669 0.0760138 -0.214921 9.44881 
-0.219042 0.00520822 0.975702 127.785 0.0765194 0.996998 0.0118564 0.000815343 -0.97271 0.0772572 -0.218782 8.99384 
-0.223908 0.00339653 0.974604 129.821 0.0749838 0.99709 0.013752 -0.00299585 -0.971722 0.0761587 -0.223511 8.52537 
-0.22751 0.000617537 0.973776 131.861 0.0745713 0.997074 0.0167903 -0.0240826 -0.970916 0.0764357 -0.22689 8.05092 
-0.230985 -5.57866e-05 0.972957 133.905 0.0752539 0.997003 0.0179228 -0.00200269 -0.970043 0.0773587 -0.230288 7.5457 
-0.23339 0.00221891 0.972381 135.957 0.0758658 0.996991 0.0159342 0.0297577 -0.969419 0.0774894 -0.232856 7.0382 
-0.23564 0.00378927 0.971833 138.015 0.077335 0.996894 0.0148644 0.0607424 -0.968759 0.0786594 -0.235201 6.49188 
-0.239076 0.00591176 0.970983 140.078 0.0788988 0.996793 0.0133576 0.0757281 -0.96779 0.0798028 -0.238775 5.97385 
-0.241586 0.00652006 0.970358 142.159 0.0792898 0.996766 0.0130429 0.0910519 -0.967135 0.0800904 -0.241322 5.4636 
-0.24595 0.00694729 0.969258 144.254 0.0796399 0.996738 0.0130644 0.106383 -0.966005 0.0804048 -0.245701 4.96814 
-0.248286 0.00688267 0.968662 146.317 0.0800314 0.996702 0.0134316 0.118183 -0.965375 0.0808582 -0.248018 4.34773 
-0.250969 0.00693062 0.96797 148.385 0.080495 0.99666 0.0137342 0.143675 -0.964642 0.0813637 -0.250689 3.70344 
-0.255586 0.00777979 0.966755 150.507 0.0796502 0.996738 0.0130365 0.149488 -0.9635 0.0803342 -0.255372 3.19042 
-0.261666 0.00770801 0.965128 152.648 0.0806945 0.996642 0.0139182 0.229972 -0.961779 0.0815224 -0.261409 2.7855 
-0.264652 0.00615016 0.964324 154.767 0.0804952 0.996631 0.0157352 0.24067 -0.960978 0.0817878 -0.264256 2.2173 
-0.266423 0.00568184 0.963839 156.853 0.0825304 0.996445 0.0169389 0.279963 -0.960316 0.084059 -0.265945 1.51511 
-0.271201 0.005355 0.962508 158.975 0.0839702 0.996304 0.0181168 0.285228 -0.958853 0.0857353 -0.270648 0.914114 
-0.272741 0.00396223 0.962079 161.112 0.0847985 0.996199 0.0199369 0.327571 -0.958343 0.0870205 -0.272041 0.307127 
-0.27545 0.00464826 0.961304 163.247 0.0856494 0.99613 0.0197251 0.355313 -0.957492 0.0877684 -0.274782 -0.331228 
-0.277573 0.00429713 0.960695 165.381 0.0852293 0.996157 0.0201695 0.376451 -0.956916 0.0874779 -0.276873 -0.998158 
-0.282981 0.0051915 0.959111 167.546 0.0860188 0.996093 0.0199878 0.407558 -0.95526 0.0881578 -0.282322 -1.59539 
-0.286327 0.00202726 0.95813 169.699 0.0848001 0.996127 0.0232339 0.422408 -0.954372 0.087902 -0.28539 -2.2647 
-0.289817 0.000512387 0.957082 171.875 0.0840152 0.996153 0.0249076 0.47669 -0.953388 0.0876281 -0.288745 -2.88331 
-0.292611 -0.00125603 0.956231 174.055 0.0825522 0.996232 0.02657 0.485707 -0.952661 0.0867136 -0.291405 -3.51621 
-0.293608 0.000668865 0.955926 176.209 0.0822181 0.996312 0.0245557 0.550956 -0.952384 0.0858041 -0.29258 -4.26449 
-0.297022 0.00288965 0.954866 178.385 0.0841126 0.996187 0.0231495 0.615116 -0.951159 0.0871922 -0.296133 -4.96662 
-0.30043 0.00243 0.953801 180.598 0.0863136 0.995963 0.0246499 0.623045 -0.94989 0.0897316 -0.299427 -5.57305 
-0.302197 0.00200774 0.953243 182.755 0.0899091 0.9956 0.026406 0.703072 -0.948996 0.093685 -0.301048 -6.38159 
-0.306702 0.00548243 0.95179 184.96 0.0922164 0.99545 0.0239816 0.787764 -0.947328 0.0951258 -0.305812 -7.08179 
-0.307919 0.00757017 0.951382 187.144 0.0946217 0.995254 0.0227054 0.847969 -0.946696 0.0970129 -0.307174 -7.85934 
-0.311892 0.00561271 0.950101 189.361 0.0940515 0.995254 0.0249951 0.868193 -0.945451 0.0971542 -0.31094 -8.55972 
-0.312038 0.0059417 0.950051 191.58 0.0932293 0.995346 0.0243956 0.876766 -0.945484 0.096185 -0.311139 -9.30854 
-0.316556 0.00664171 0.948551 193.826 0.0930991 0.995365 0.0241 0.916055 -0.943994 0.0959382 -0.315707 -9.99764 
-0.318802 0.00547462 0.947806 196.033 0.092089 0.995431 0.0252251 0.932524 -0.943337 0.0953243 -0.317849 -10.8128 
-0.318851 0.00601617 0.947786 198.245 0.0929414 0.995359 0.0249489 0.982868 -0.943237 0.0960435 -0.317931 -11.6549 
-0.31955 0.00536395 0.947554 200.45 0.0921759 0.995417 0.0254502 0.969226 -0.943075 0.0954742 -0.31858 -12.4715 
-0.321208 0.00427852 0.946999 202.687 0.0923289 0.995367 0.0268195 1.00222 -0.942497 0.09605 -0.320115 -13.2847 
-0.323125 0.00582888 0.946338 204.866 0.0928378 0.995353 0.0255685 1.03246 -0.941792 0.0961178 -0.322165 -14.2004 
-0.324652 0.00493495 0.945821 207.096 0.0918656 0.995423 0.026339 1.07682 -0.941362 0.0954394 -0.32362 -15.0262 
-0.328248 0.00187532 0.94459 209.404 0.0891156 0.995599 0.0289913 1.07615 -0.940379 0.093694 -0.32697 -15.6206 
-0.330693 0.00097316 0.943738 211.64 0.088899 0.995585 0.0301243 1.11467 -0.939542 0.0938592 -0.329319 -16.4537 
-0.33308 0.000998507 0.942898 213.897 0.0893709 0.995531 0.0305162 1.1448 -0.938654 0.094432 -0.331681 -17.2171 
-0.335034 0.00146414 0.942205 216.154 0.0898424 0.995492 0.0303996 1.19948 -0.937913 0.0948349 -0.333655 -18.0126 
-0.339168 0.00288543 0.940721 218.406 0.0926215 0.995239 0.0303412 1.28069 -0.936155 0.0974218 -0.337821 -18.8644 
-0.342466 0.00343697 0.939524 220.664 0.0937066 0.995132 0.0305166 1.3129 -0.934846 0.0984904 -0.341121 -19.6333 
-0.345266 0.0065371 0.938482 222.928 0.0954148 0.995039 0.0281719 1.36578 -0.933642 0.0992718 -0.344177 -20.4246 
-0.347869 0.00527882 0.937528 225.181 0.0958263 0.994947 0.0299541 1.39915 -0.932633 0.10026 -0.346617 -21.2606 
-0.350375 0.00413372 0.9366 227.428 0.0941916 0.995076 0.0308446 1.45796 -0.931861 0.0990271 -0.34904 -22.1045 
-0.353499 0.00534291 0.93542 229.647 0.0933219 0.995196 0.0295825 1.5184 -0.930768 0.0977525 -0.3523 -23.0355 
-0.357233 0.00661913 0.933992 231.942 0.0941023 0.995142 0.0289397 1.57048 -0.929263 0.098229 -0.35612 -23.7513 
-0.361523 0.00804942 0.932328 234.228 0.0964348 0.994922 0.0288041 1.6733 -0.927363 0.100322 -0.360463 -24.4857 
-0.366807 0.0101951 0.930241 236.509 0.0975339 0.994851 0.0275559 1.72929 -0.92517 0.100838 -0.365913 -25.2654 
-0.371034 0.0116044 0.928547 238.723 0.0980133 0.994826 0.026732 1.79162 -0.923432 0.100928 -0.370252 -26.2105 
-0.375214 0.0114175 0.926868 241.018 0.0980679 0.994801 0.0274455 1.80866 -0.921736 0.101194 -0.374383 -26.9427 
-0.379306 0.0119386 0.925194 243.257 0.0981538 0.994794 0.0274038 1.85431 -0.92005 0.101206 -0.378503 -27.8223 
-0.383184 0.01385 0.923568 245.481 0.0985742 0.994791 0.0259799 1.90867 -0.918397 0.100995 -0.382553 -28.7318 
-0.386894 0.0151678 0.921999 247.702 0.0996384 0.994698 0.025447 1.97266 -0.916725 0.101712 -0.386354 -29.6493 
-0.390003 0.0158203 0.920678 249.87 0.101284 0.994523 0.0258152 2.06678 -0.915226 0.103318 -0.389469 -30.6789 
-0.393446 0.0158895 0.91921 252.074 0.101562 0.994482 0.0262804 2.09615 -0.913721 0.103697 -0.392889 -31.6444 
-0.397465 0.0167562 0.917464 254.271 0.102295 0.99441 0.0261546 2.16792 -0.911898 0.104247 -0.396957 -32.6027 
-0.400455 0.0191182 0.916117 256.462 0.104695 0.99419 0.0250171 2.25967 -0.910316 0.105931 -0.40013 -33.5944 
-0.403697 0.0186866 0.914702 258.663 0.104481 0.994192 0.0258012 2.31005 -0.908907 0.105984 -0.403305 -34.5789 
-0.405764 0.0179136 0.913802 260.81 0.105554 0.994036 0.0273836 2.44838 -0.907862 0.107567 -0.405235 -35.6708 
-0.409509 0.0168533 0.912151 263.033 0.105335 0.994016 0.0289241 2.49742 -0.906205 0.107926 -0.408833 -36.6218 
-0.41238 0.0156789 0.910877 265.187 0.106286 0.993852 0.0310117 2.56545 -0.904791 0.109602 -0.411511 -37.7112 
-0.415398 0.014436 0.909525 267.416 0.105505 0.99389 0.0324111 2.6051 -0.903501 0.109423 -0.414383 -38.6977 
-0.416979 0.0137434 0.908812 269.561 0.107541 0.993608 0.0343157 2.74561 -0.902532 0.112043 -0.415792 -39.8008 
-0.42021 0.0123863 0.907342 271.792 0.108726 0.993391 0.0367923 2.82502 -0.90089 0.114112 -0.41878 -40.7806 
-0.423144 0.0114063 0.905991 274.013 0.108478 0.993366 0.0381583 2.90113 -0.899545 0.114427 -0.421574 -41.8189 
-0.428621 0.0122183 0.903402 276.296 0.109632 0.993223 0.0385822 2.9921 -0.896808 0.115579 -0.427056 -42.7171 
-0.434289 0.013508 0.900672 278.624 0.111689 0.992979 0.0389621 3.16287 -0.893823 0.117516 -0.432749 -43.544 
-0.435787 0.0132414 0.899952 280.783 0.112466 0.992856 0.0398513 3.24709 -0.892995 0.11858 -0.434163 -44.7603 
-0.438983 0.0140228 0.898386 283.043 0.113393 0.992748 0.0399119 3.33995 -0.891311 0.119391 -0.43739 -45.8398 
-0.440462 0.0153688 0.89764 285.244 0.114924 0.992593 0.0393975 3.42512 -0.890385 0.120514 -0.438965 -47.0001 
-0.442839 0.0147331 0.89648 287.476 0.114474 0.992611 0.0402345 3.53834 -0.889263 0.120441 -0.441253 -48.1441 
-0.445325 0.0130646 0.895274 289.743 0.112637 0.992767 0.0415405 3.59614 -0.888256 0.11934 -0.443575 -49.267 
-0.447943 0.0148308 0.893939 292.004 0.114631 0.992563 0.0409732 3.78185 -0.886683 0.120826 -0.446312 -50.4048 
-0.44878 0.0150093 0.893516 294.244 0.115968 0.992382 0.0415763 3.91497 -0.886086 0.122278 -0.447102 -51.6225 
-0.447649 0.0142161 0.894096 296.487 0.115058 0.992478 0.041826 4.02835 -0.886776 0.121596 -0.445917 -52.8459 
-0.45104 0.0152547 0.892373 298.798 0.115221 0.992482 0.0412713 4.1541 -0.885035 0.121435 -0.449407 -53.9799 
-0.45407 0.0150247 0.890839 301.119 0.114219 0.992589 0.0414776 4.23165 -0.883614 0.120584 -0.452421 -55.0926 
-0.455957 0.015803 0.889861 303.445 0.116183 0.992343 0.0419079 4.34954 -0.882386 0.122495 -0.454302 -56.2333 
-0.458266 0.0168287 0.888656 305.75 0.119036 0.991976 0.0425996 4.46591 -0.880808 0.125304 -0.456592 -57.4336 
-0.461427 0.0204276 0.886943 308.043 0.122271 0.991659 0.0407716 4.6197 -0.878712 0.127261 -0.460076 -58.6797 
-0.466299 0.0257341 0.884253 310.372 0.124647 0.991516 0.0368753 4.75825 -0.875801 0.127414 -0.465551 -59.8912 
-0.46994 0.0322631 0.882108 312.675 0.126729 0.991445 0.0312522 4.89442 -0.873554 0.126475 -0.470009 -61.1762 
-0.471854 0.0365073 0.880921 314.969 0.129817 0.991129 0.0284603 5.02984 -0.872067 0.127788 -0.472407 -62.4969 
-0.475177 0.0360534 0.879151 317.272 0.128333 0.991315 0.0287102 5.05993 -0.870481 0.126467 -0.475677 -63.8238 
-0.476286 0.0342639 0.878623 319.514 0.126875 0.991462 0.0301125 5.09188 -0.870089 0.125818 -0.476566 -65.2645 
-0.481792 0.0353459 0.875572 321.915 0.127627 0.991362 0.0302079 5.1696 -0.866941 0.126301 -0.482142 -66.4494 
-0.486505 0.0335938 0.873032 324.285 0.12647 0.991444 0.0323261 5.2251 -0.864476 0.126139 -0.486591 -67.7263 
-0.487517 0.0335947 0.872467 326.586 0.124105 0.99178 0.0311586 5.27863 -0.864248 0.123468 -0.487679 -69.1188 
-0.488151 0.0308784 0.872213 328.89 0.120589 0.992175 0.0323648 5.26208 -0.864388 0.120978 -0.488054 -70.5139 
-0.489016 0.0325148 0.871669 331.196 0.122056 0.992024 0.0314707 5.33673 -0.863693 0.121782 -0.489084 -71.9002 
-0.488825 0.0318112 0.871802 333.471 0.120278 0.992249 0.0312342 5.38329 -0.864051 0.120126 -0.488862 -73.3518 
-0.489053 0.0284523 0.87179 335.743 0.117407 0.99252 0.0334702 5.41196 -0.864316 0.118723 -0.488736 -74.8148 
-0.49133 0.0261931 0.87058 338.072 0.115296 0.992707 0.035202 5.4586 -0.863309 0.11767 -0.490767 -76.1849 
-0.49657 0.0288438 0.867517 340.475 0.11752 0.992479 0.0342704 5.57894 -0.860004 0.118969 -0.496225 -77.42 
-0.50104 0.028108 0.864968 342.835 0.116156 0.992613 0.0350282 5.61885 -0.857594 0.118022 -0.500604 -78.7413 
-0.504608 0.0264533 0.862943 345.215 0.114692 0.992725 0.0366346 5.6756 -0.855696 0.117459 -0.503971 -80.0482 
-0.506835 0.0284615 0.861573 347.555 0.115612 0.99267 0.0352187 5.74237 -0.854255 0.117458 -0.506411 -81.4233 
-0.508375 0.0325522 0.86052 349.897 0.119104 0.992339 0.0328252 5.82285 -0.852859 0.119179 -0.508358 -82.7955 
-0.507442 0.0351237 0.86097 352.188 0.12245 0.991968 0.0317025 5.88782 -0.852941 0.121513 -0.507667 -84.2607 
-0.5095 0.0364727 0.859697 354.559 0.121566 0.992131 0.0299552 5.96019 -0.85184 0.119773 -0.509925 -85.5833 
-0.514912 0.0376831 0.856415 356.937 0.120869 0.992244 0.0290115 6.03034 -0.848679 0.118452 -0.515473 -86.92 
-0.515757 0.0362031 0.85597 359.252 0.12051 0.992239 0.0306455 6.08171 -0.848217 0.118958 -0.516117 -88.346 
-0.518051 0.0379137 0.854509 361.557 0.12143 0.992159 0.0295968 6.12858 -0.846686 0.119096 -0.518593 -89.789 
-0.519203 0.0400085 0.853714 363.904 0.119526 0.992486 0.02618 6.16545 -0.846252 0.115634 -0.520084 -91.1855 
-0.522179 0.0401817 0.851889 366.241 0.118401 0.992632 0.0257554 6.18011 -0.844577 0.114313 -0.523089 -92.5791 
-0.523954 0.0407218 0.850773 368.557 0.118194 0.992669 0.0252768 6.24171 -0.843506 0.1138 -0.524926 -94.0067 
-0.52877 0.0389768 0.84787 370.919 0.117686 0.992663 0.0277615 6.29182 -0.840567 0.114462 -0.529477 -95.3547 
-0.53181 0.0374181 0.846037 373.232 0.11666 0.992736 0.0294252 6.35542 -0.83879 0.114348 -0.532312 -96.7853 
-0.53416 0.0373357 0.844559 375.56 0.116506 0.992743 0.0297999 6.42164 -0.837317 0.114314 -0.534633 -98.1782 
-0.53646 0.0412388 0.842917 377.873 0.118818 0.992547 0.0270605 6.45177 -0.835519 0.114671 -0.537362 -99.6044 
-0.536609 0.0509125 0.842294 380.166 0.126361 0.991771 0.0205544 6.47413 -0.834316 0.117463 -0.538627 -101.068 
-0.541603 0.0602459 0.838473 382.5 0.139355 0.990063 0.0188768 6.47773 -0.829003 0.127069 -0.544616 -102.408 
-0.546864 0.0518025 0.835617 384.766 0.138642 0.989907 0.029366 6.50339 -0.825662 0.131911 -0.548527 -103.887 
-0.549879 0.0445298 0.834056 386.977 0.131428 0.990751 0.0337524 6.58352 -0.824839 0.128178 -0.550646 -105.448 
-0.551578 0.0473656 0.832777 389.247 0.12375 0.991985 0.0255431 6.59482 -0.824893 0.117145 -0.553018 -106.936 
-0.554018 0.0526894 0.830836 391.56 0.119338 0.992715 0.0166214 6.649 -0.823907 0.108359 -0.556269 -108.357 
-0.557675 0.0588182 0.827973 393.829 0.118977 0.992851 0.00960527 6.63831 -0.821489 0.103867 -0.560685 -109.837 
-0.558482 0.0598849 0.827352 396.04 0.118241 0.992953 0.00794437 6.5784 -0.821046 0.102264 -0.561627 -111.385 
-0.563567 0.0550717 0.824232 398.242 0.116861 0.993056 0.0135519 6.5089 -0.817762 0.103958 -0.566089 -112.935 
-0.568373 0.0504615 0.821222 400.476 0.117399 0.992878 0.0202435 6.49104 -0.814352 0.107917 -0.57025 -114.442 
-0.576995 0.0490758 0.815272 402.82 0.118136 0.992711 0.0238518 6.50439 -0.808159 0.110075 -0.578587 -115.775 
-0.580974 0.050924 0.812328 405.086 0.119489 0.992564 0.0232355 6.5592 -0.805103 0.110564 -0.582738 -117.237 
-0.589614 0.0505857 0.806099 407.141 0.117788 0.992752 0.023856 6.63172 -0.79905 0.109015 -0.591299 -118.977 
-0.592369 0.0524006 0.803961 409.035 0.117776 0.992795 0.0220707 6.78164 -0.797011 0.107761 -0.594273 -120.874 
-0.596543 0.0535771 0.800791 411.436 0.117886 0.992797 0.0213948 6.78522 -0.793876 0.107165 -0.598562 -122.107 
-0.601122 0.0542705 0.797313 413.49 0.118211 0.992755 0.0215496 6.83221 -0.790366 0.107205 -0.603182 -123.846 
-0.603544 0.0555385 0.795393 415.669 0.118642 0.992721 0.0207088 6.86058 -0.788453 0.106866 -0.60574 -125.43 
-0.605955 0.05787 0.793391 417.945 0.118486 0.992791 0.0180802 6.82221 -0.786625 0.104962 -0.608444 -126.871 
-0.610044 0.0583684 0.790215 420.419 0.116411 0.993064 0.0165171 6.85357 -0.78377 0.102066 -0.612607 -127.912 
-0.619863 0.0561454 0.782699 422.635 0.112876 0.993444 0.01813 6.863 -0.77655 0.0995861 -0.622136 -129.451 
-0.621762 0.0578584 0.781066 424.776 0.11483 0.993225 0.0178354 6.88598 -0.774742 0.100779 -0.624194 -131.074 
-0.628667 0.0620877 0.775192 427.058 0.119211 0.992721 0.0171673 6.85 -0.768484 0.103204 -0.631492 -132.485 
-0.635496 0.0658925 0.769287 429.694 0.122366 0.992355 0.0160856 6.71022 -0.762346 0.104357 -0.638701 -132.971 
-0.640517 0.0693145 0.76481 431.944 0.124405 0.992129 0.0142709 6.73212 -0.757801 0.104287 -0.644098 -134.435 
-0.638707 0.0752739 0.765759 433.921 0.130046 0.991447 0.0110104 6.8562 -0.758381 0.106616 -0.643033 -136.251 
-0.643264 0.0816866 0.761275 436.166 0.13648 0.990602 0.00902898 6.86593 -0.753382 0.109707 -0.648367 -137.717 
-0.644648 0.0826578 0.759998 438.204 0.136707 0.990577 0.00822255 6.82994 -0.752157 0.109198 -0.649873 -139.462 
-0.649715 0.0836336 0.755563 440.422 0.136377 0.990628 0.00761905 6.78578 -0.747845 0.107992 -0.655031 -140.955 
-0.651763 0.0836776 0.753793 442.594 0.13399 0.990965 0.00584778 6.77555 -0.746493 0.104812 -0.657086 -142.526 
-0.650961 0.0797643 0.754909 444.578 0.127507 0.991824 0.00515263 6.75425 -0.748326 0.0996101 -0.65581 -144.316 
-0.650639 0.0767001 0.755504 446.612 0.122615 0.992443 0.00484124 6.75758 -0.749423 0.0957859 -0.655126 -146.052 
-0.648276 0.082343 0.75694 448.609 0.128222 0.991744 0.00192854 6.7566 -0.750532 0.0983063 -0.653481 -147.827 
-0.647031 0.0896017 0.757181 450.616 0.137147 0.990551 -2.23223e-05 6.68253 -0.750028 0.10383 -0.653206 -149.573 
-0.644411 0.0939328 0.758888 452.595 0.141083 0.989994 -0.00273715 6.6648 -0.751552 0.105303 -0.651215 -151.38 
-0.642032 0.0936781 0.760934 454.657 0.142383 0.98981 -0.00172068 6.61815 -0.753341 0.107239 -0.648828 -153.088 
-0.639596 0.0912156 0.76328 456.694 0.140437 0.990089 -0.000639825 6.59651 -0.755774 0.106784 -0.646067 -154.824 
-0.636959 0.090538 0.765562 458.74 0.139788 0.990181 -0.000796215 6.56062 -0.758118 0.10651 -0.643361 -156.537 
-0.634798 0.0908555 0.767318 460.893 0.142844 0.989745 0.000982188 6.50327 -0.75936 0.110231 -0.641266 -158.107 
-0.637599 0.0972273 0.764209 463.094 0.146716 0.989173 -0.00343998 6.44513 -0.756269 0.109928 -0.64496 -159.624 
-0.640006 0.105397 0.761107 465.183 0.151534 0.988407 -0.00944951 6.40889 -0.753279 0.109286 -0.648557 -161.29 
-0.641212 0.114077 0.758837 467.165 0.158641 0.987232 -0.014362 6.41343 -0.750786 0.111173 -0.651122 -163.077 
-0.640014 0.116519 0.759477 469.226 0.160861 0.98685 -0.0158449 6.34057 -0.751336 0.112029 -0.650341 -164.767 
-0.639415 0.114249 0.760326 471.313 0.158379 0.987262 -0.0151555 6.25332 -0.752372 0.110729 -0.649365 -166.426 
-0.640985 0.11329 0.759146 473.42 0.155001 0.987776 -0.0165346 6.15045 -0.75174 0.10707 -0.65071 -168.063 
-0.639822 0.11454 0.75994 475.46 0.15524 0.98771 -0.0181671 6.10458 -0.752681 0.10635 -0.649739 -169.779 
-0.63855 0.117619 0.760539 477.542 0.159327 0.987045 -0.0188774 6.05863 -0.752907 0.10912 -0.649018 -171.438 
-0.640349 0.118389 0.758905 479.671 0.160905 0.986803 -0.0181728 5.93891 -0.751041 0.110475 -0.650947 -173.037 
-0.642138 0.11708 0.757596 481.698 0.161445 0.986758 -0.0156542 5.89115 -0.749396 0.112258 -0.652536 -174.756 
-0.641406 0.114753 0.758571 483.711 0.159086 0.987154 -0.0148168 5.82662 -0.750526 0.111175 -0.651422 -176.507 
-0.641153 0.114582 0.758811 485.83 0.158493 0.987244 -0.0151587 5.71551 -0.750868 0.110547 -0.651135 -178.123 
-0.64182 0.116101 0.758015 487.899 0.158705 0.987183 -0.0168237 5.6255 -0.750253 0.109503 -0.65202 -179.797 
-0.640608 0.116513 0.758977 489.83 0.15843 0.987209 -0.0178286 5.66928 -0.751346 0.108823 -0.650874 -181.628 
-0.640621 0.116144 0.759023 491.964 0.157828 0.987305 -0.0178678 5.50497 -0.751462 0.108348 -0.650819 -183.217 
-0.640105 0.116725 0.759368 493.973 0.15739 0.987352 -0.0190973 5.42929 -0.751993 0.107293 -0.650381 -184.96 
-0.639396 0.117313 0.759875 495.981 0.158847 0.987125 -0.0187355 5.3305 -0.75229 0.108724 -0.649799 -186.709 
-0.639751 0.117433 0.759558 498.015 0.160346 0.986905 -0.0175278 5.24759 -0.75167 0.110579 -0.650203 -188.424 
-0.639268 0.115924 0.760196 500.093 0.158768 0.987169 -0.0170233 5.14456 -0.752416 0.109812 -0.649471 -190.08 
-0.638676 0.116709 0.760573 502.14 0.158559 0.987179 -0.0183342 5.044 -0.752962 0.108886 -0.648993 -191.785 
-0.638004 0.117683 0.760987 504.183 0.158696 0.987133 -0.0196058 5.00752 -0.753503 0.108257 -0.648471 -193.491 
-0.639821 0.118411 0.759347 506.29 0.158456 0.987155 -0.0204212 4.8777 -0.752011 0.107258 -0.650365 -195.112 
-0.640252 0.11768 0.759098 508.291 0.158555 0.987161 -0.0193051 4.82121 -0.751624 0.107998 -0.650691 -196.866 
-0.641165 0.117489 0.758356 510.334 0.158529 0.987173 -0.0189071 4.74473 -0.750851 0.108099 -0.651566 -198.56 
-0.641352 0.1182 0.758087 512.361 0.15805 0.987224 -0.0202138 4.73478 -0.750791 0.106851 -0.65184 -200.302 
-0.641679 0.118742 0.757726 514.404 0.157189 0.987332 -0.0216086 4.6439 -0.750693 0.10524 -0.652215 -202.007 
-0.641739 0.119547 0.757548 516.485 0.157717 0.987235 -0.0221874 4.51182 -0.75053 0.10524 -0.652402 -203.663 
-0.641795 0.120022 0.757426 518.543 0.158502 0.987111 -0.0221133 4.36295 -0.750317 0.105861 -0.652547 -205.345 
-0.642985 0.119724 0.756463 520.571 0.15868 0.987099 -0.0213508 4.28671 -0.74926 0.106307 -0.653688 -207.058 
-0.644614 0.11938 0.75513 522.54 0.158317 0.987167 -0.0209161 4.20076 -0.747936 0.106067 -0.655242 -208.856 
-0.643523 0.119342 0.756066 524.536 0.158044 0.987202 -0.0213079 4.11549 -0.748933 0.105779 -0.654148 -210.616 
-0.643629 0.119579 0.755938 526.608 0.158754 0.987095 -0.0209771 4.06769 -0.748691 0.106507 -0.654307 -212.286 
-0.644276 0.120336 0.755267 528.648 0.15956 0.986962 -0.0211397 3.9632 -0.747964 0.10689 -0.655076 -213.991 
-0.644169 0.121343 0.755197 530.741 0.159578 0.98693 -0.0224606 3.8088 -0.748052 0.106044 -0.655113 -215.627 
-0.64401 0.121256 0.755346 532.762 0.158688 0.987057 -0.0231547 3.68783 -0.748377 0.104952 -0.654917 -217.363 
-0.643552 0.121283 0.755733 534.729 0.15746 0.987225 -0.0243474 3.65087 -0.749031 0.103329 -0.654428 -219.156 
-0.643872 0.120072 0.755653 536.74 0.157293 0.987288 -0.0228531 3.57366 -0.748791 0.104144 -0.654574 -220.896 
-0.643989 0.119054 0.755714 538.722 0.157166 0.987336 -0.021613 3.4533 -0.748717 0.104854 -0.654545 -222.668 
-0.643977 0.118362 0.755833 540.71 0.156063 0.987509 -0.0216745 3.39866 -0.748957 0.104 -0.654406 -224.427 
-0.644864 0.119053 0.754968 542.743 0.15589 0.987517 -0.0225693 3.29714 -0.748231 0.103138 -0.655373 -226.154 
-0.645173 0.11933 0.75466 544.758 0.155762 0.987527 -0.0229879 3.18416 -0.747991 0.102716 -0.655713 -227.888 
-0.645265 0.119658 0.75453 546.747 0.156485 0.987418 -0.0227671 3.057 -0.74776 0.103382 -0.655871 -229.654 
-0.645252 0.119641 0.754544 548.732 0.1555 0.987554 -0.023611 2.94107 -0.747977 0.102097 -0.655825 -231.427 
-0.646206 0.119886 0.753688 550.766 0.15428 0.987715 -0.0248335 2.8319 -0.747406 0.100231 -0.656763 -233.148 
-0.646933 0.121019 0.752883 552.871 0.154544 0.987645 -0.0259595 2.74055 -0.746722 0.0995597 -0.657643 -234.783 
-0.647461 0.12085 0.752456 554.847 0.156144 0.987437 -0.0242334 2.63132 -0.745931 0.101801 -0.658197 -236.562 
-0.648088 0.121748 0.751771 557.006 0.158578 0.987075 -0.0231485 2.49109 -0.744872 0.104212 -0.659018 -238.121 
-0.648837 0.121796 0.751116 558.972 0.158462 0.987093 -0.0231764 2.43439 -0.744245 0.103986 -0.659763 -239.908 
-0.648947 0.120871 0.751171 561.066 0.155877 0.987479 -0.0242315 2.33662 -0.744694 0.101365 -0.659663 -241.566 
-0.650598 0.12052 0.749798 563.099 0.154013 0.987749 -0.0251315 2.23302 -0.743641 0.0991279 -0.661189 -243.293 
-0.650541 0.119596 0.749996 565.089 0.154183 0.987756 -0.0237728 2.12359 -0.743656 0.100172 -0.661015 -245.062 
-0.64965 0.119513 0.750781 567.131 0.154687 0.987687 -0.0233743 2.06305 -0.74433 0.100951 -0.660138 -246.774 
-0.649955 0.118616 0.750659 569.095 0.154713 0.987712 -0.0221162 1.98742 -0.744058 0.101762 -0.66032 -248.573 
-0.650879 0.117784 0.749989 571.105 0.153543 0.987899 -0.0218949 1.8966 -0.743492 0.100905 -0.661088 -250.335 
-0.651251 0.117226 0.749753 573.13 0.151694 0.988166 -0.0227376 1.76169 -0.743546 0.0989254 -0.661327 -252.067 
-0.651806 0.116553 0.749376 575.11 0.150678 0.988323 -0.0226574 1.63882 -0.743266 0.0981463 -0.661757 -253.857 
-0.651786 0.116609 0.749384 577.114 0.150651 0.988325 -0.0227593 1.54442 -0.743289 0.0980614 -0.661744 -255.614 
-0.653549 0.115948 0.74795 579.178 0.149916 0.988449 -0.0222359 1.41376 -0.741889 0.0975977 -0.663382 -257.294 
-0.65477 0.114619 0.747087 581.345 0.148255 0.98871 -0.0217532 1.28689 -0.741145 0.0965163 -0.664371 -258.859 
-0.654519 0.115775 0.747128 583.335 0.149002 0.988577 -0.0226577 1.21543 -0.741217 0.0964935 -0.664294 -260.638 
-0.654187 0.116962 0.747234 585.361 0.14937 0.988491 -0.0239553 1.08219 -0.741436 0.0959429 -0.664129 -262.368 
-0.654104 0.117421 0.747235 587.368 0.150365 0.988347 -0.023685 0.970621 -0.741308 0.0968655 -0.664138 -264.124 
-0.653375 0.115659 0.748147 589.342 0.149584 0.9885 -0.0221811 0.873862 -0.742109 0.0974185 -0.663162 -265.903 
-0.65304 0.114997 0.748542 591.367 0.149475 0.988532 -0.0214618 0.749059 -0.742426 0.0978733 -0.66274 -267.633 
-0.65329 0.114265 0.748435 593.377 0.148199 0.988722 -0.0215911 0.652577 -0.742461 0.0968119 -0.662856 -269.374 
-0.652546 0.113762 0.749161 595.34 0.146704 0.988927 -0.0223864 0.572117 -0.743413 0.0952966 -0.662009 -271.182 
-0.653786 0.113618 0.748101 597.489 0.14756 0.988825 -0.0212207 0.420532 -0.742152 0.0965159 -0.663246 -272.79 
-0.653089 0.114746 0.748537 599.43 0.148255 0.9887 -0.0222103 0.309967 -0.742627 0.0964691 -0.66272 -274.543 
-0.652872 0.114469 0.748769 601.44 0.148078 0.98873 -0.0220409 0.159956 -0.742853 0.0964862 -0.662464 -276.278 
-0.652303 0.114967 0.749189 603.434 0.147924 0.988733 -0.0229316 0.0548209 -0.743384 0.0958648 -0.661959 -278.027 
-0.652721 0.115239 0.748782 605.552 0.147885 0.988731 -0.0232546 -0.0962092 -0.743024 0.0955545 -0.662408 -279.627 
-0.652167 0.116867 0.749013 607.434 0.148877 0.988549 -0.0246142 -0.123664 -0.743313 0.0954582 -0.662098 -281.504 
-0.652123 0.117772 0.748909 609.439 0.149386 0.988454 -0.0253617 -0.221643 -0.743249 0.0953375 -0.662187 -283.24 
-0.652835 0.118243 0.748215 611.425 0.150798 0.988258 -0.0246026 -0.339987 -0.742339 0.0967681 -0.663 -285.004 
-0.654819 0.117748 0.746557 613.525 0.149932 0.988396 -0.0243829 -0.456341 -0.740765 0.0959665 -0.664874 -286.634 
-0.654676 0.117666 0.746695 615.508 0.148424 0.988591 -0.0256517 -0.542404 -0.741195 0.0940342 -0.664671 -288.407 
-0.653335 0.120002 0.747498 617.439 0.149231 0.988399 -0.0282432 -0.680842 -0.742215 0.0930975 -0.663663 -290.222 
-0.652384 0.121486 0.748088 619.415 0.151376 0.988067 -0.0284471 -0.759579 -0.742617 0.0946844 -0.662989 -292.009 
-0.650978 0.122392 0.749164 621.476 0.153456 0.987758 -0.0280273 -0.889707 -0.743423 0.0967183 -0.661791 -293.686 
-0.650387 0.120837 0.74993 623.437 0.153549 0.987799 -0.0259967 -0.937741 -0.743921 0.0982433 -0.661006 -295.473 
-0.649704 0.119914 0.75067 625.364 0.153023 0.987897 -0.0253685 -1.02779 -0.744626 0.0983876 -0.66019 -297.31 
-0.649508 0.120055 0.750817 627.572 0.152909 0.987906 -0.0256885 -1.12893 -0.744821 0.0981221 -0.660011 -298.783 
-0.649037 0.119528 0.751308 629.556 0.151404 0.988119 -0.0264089 -1.22125 -0.745539 0.0966106 -0.659423 -300.555 
-0.648842 0.119332 0.751508 631.565 0.150876 0.988193 -0.0266514 -1.33807 -0.745816 0.0960921 -0.659185 -302.302 
-0.648969 0.119122 0.751431 633.649 0.151457 0.988126 -0.0258394 -1.40784 -0.745587 0.0970403 -0.659305 -303.953 
-0.648593 0.119644 0.751674 635.638 0.152323 0.987993 -0.0258247 -1.50172 -0.745738 0.0977472 -0.65903 -305.72 
-0.648905 0.11935 0.751451 637.659 0.151822 0.98807 -0.0258272 -1.62602 -0.745568 0.0973273 -0.659284 -307.443 
-0.648766 0.119465 0.751553 639.681 0.151557 0.9881 -0.0262377 -1.71819 -0.745744 0.0968808 -0.659151 -309.178 
-0.648851 0.120044 0.751387 641.716 0.151742 0.988056 -0.0268193 -1.83813 -0.745632 0.0966154 -0.659317 -310.886 
-0.647736 0.121656 0.752089 643.833 0.152769 0.987859 -0.0282213 -1.98561 -0.746391 0.096616 -0.658458 -312.497 
-0.647754 0.122742 0.751897 645.884 0.15441 0.987604 -0.0281967 -2.1048 -0.746038 0.097836 -0.658678 -314.17 
-0.647185 0.122488 0.752428 647.905 0.153982 0.987667 -0.0283376 -2.21282 -0.74662 0.097521 -0.658065 -315.893 
-0.647453 0.120811 0.752469 649.939 0.152199 0.987963 -0.0276619 -2.31243 -0.746753 0.0966151 -0.658047 -317.605 
-0.647558 0.120615 0.75241 651.983 0.151995 0.987997 -0.0275665 -2.43307 -0.746703 0.0965119 -0.658118 -319.293 
-0.648482 0.120067 0.751702 653.939 0.152439 0.987963 -0.0262966 -2.52904 -0.745811 0.0975361 -0.658979 -321.089 
-0.647801 0.119233 0.752421 655.852 0.153319 0.987872 -0.0245434 -2.60494 -0.746222 0.0994609 -0.658225 -322.928 
-0.648099 0.118323 0.752308 657.877 0.152386 0.988027 -0.0241188 -2.69745 -0.746154 0.0990101 -0.65837 -324.639 
-0.647625 0.117092 0.752908 659.882 0.150606 0.988299 -0.0241536 -2.77984 -0.746927 0.0977503 -0.657682 -326.383 
-0.647163 0.117136 0.753299 661.912 0.150211 0.988347 -0.0246376 -2.89548 -0.747407 0.0972095 -0.657216 -328.086 
-0.646635 0.118051 0.753609 663.935 0.150361 0.988294 -0.0257968 -3.01968 -0.747833 0.0966326 -0.656816 -329.798 
-0.646599 0.118108 0.753631 665.931 0.149912 0.98835 -0.0262716 -3.1555 -0.747954 0.0959915 -0.656773 -331.532 
