1 0 0 0 0 1 0 0 0 0 1 0 
0.999999 0.000867539 0.00126831 0.00672365 -0.000867188 1 -0.000276804 -0.0278931 -0.00126855 0.000275704 0.999999 1.19907 
0.999991 0.00260994 0.0033902 -0.00864941 -0.0026105 0.999997 0.000160934 -0.0402375 -0.00338977 -0.000169782 0.999994 2.3845 
0.999988 0.00179261 0.00464989 -0.0280397 -0.0017961 0.999998 0.000745911 -0.0689027 -0.00464854 -0.000754254 0.999989 3.57585 
0.999993 -0.000285366 0.00378539 -0.0258931 0.000281151 0.999999 0.00111406 -0.1 -0.0037857 -0.00111299 0.999992 4.76752 
0.999991 -0.00074693 0.00428674 -0.00165578 0.000743029 0.999999 0.000911466 -0.118378 -0.00428742 -0.000908272 0.99999 5.96254 
0.999988 -0.000383039 0.00498024 0.01132 0.000385947 1 -0.000582935 -0.132747 -0.00498002 0.00058485 0.999987 7.15327 
0.999977 -0.00152368 0.00662874 -0.00752426 0.00152966 0.999998 -0.000897186 -0.161983 -0.00662736 0.000907305 0.999978 8.34581 
0.999976 -0.00243875 0.0064892 0.0042011 0.00243309 0.999997 0.000880931 -0.189017 -0.00649132 -0.000865121 0.999979 9.53722 
0.999979 -0.0040856 0.00512818 0.0053647 0.00407596 0.99999 0.0018889 -0.217952 -0.00513585 -0.00186796 0.999985 10.7288 
0.999977 -0.00611439 0.00284222 -0.00870007 0.00611086 0.999981 0.00125014 -0.235854 -0.00284981 -0.00123274 0.999995 11.9205 
0.999993 -0.00340248 0.00145497 0.00395352 0.00340403 0.999994 -0.00106648 -0.225213 -0.00145133 0.00107143 0.999998 13.1129 
0.999989 -0.0039888 -0.00242788 0.0302197 0.00399132 0.999991 0.0010345 -0.278369 0.00242373 -0.00104417 0.999997 14.3034 
0.999988 -0.00366939 -0.00312315 -0.00620067 0.00367217 0.999993 0.000884757 -0.305264 0.00311988 -0.000896215 0.999995 15.4961 
0.999985 -0.00380415 -0.00393567 -0.0167633 0.0038073 0.999992 0.000791019 -0.32653 0.00393263 -0.000805991 0.999992 16.6872 
0.999984 -0.00463875 -0.00322571 -0.0738577 0.00464457 0.999988 0.00180023 -0.360349 0.00321732 -0.00181519 0.999993 17.8792 
0.999982 -0.00506201 -0.00321346 -0.0847639 0.00506985 0.999984 0.00243637 -0.395695 0.00320108 -0.00245261 0.999992 19.0746 
0.999976 -0.00466994 -0.00515844 -0.037226 0.00467435 0.999989 0.000844101 -0.400604 0.00515444 -0.000868193 0.999986 20.2676 
0.99997 -0.00548956 -0.00537832 -0.0679926 0.00549002 0.999985 7.18189e-05 -0.421006 0.00537784 -0.000101344 0.999986 21.4619 
0.999967 -0.00598459 -0.00553676 -0.102453 0.00599142 0.999981 0.0012191 -0.458325 0.00552936 -0.00125224 0.999984 22.6554 
0.999967 -0.00574027 -0.00582815 -0.140723 0.00574586 0.999983 0.00094363 -0.482285 0.00582263 -0.000977086 0.999983 23.8492 
0.999939 -0.00710831 -0.00843348 -0.144549 0.00711487 0.999974 0.000747738 -0.511333 0.00842795 -0.000807696 0.999964 25.0432 
0.999916 -0.0077274 -0.0103881 -0.165698 0.00774507 0.999969 0.00166143 -0.539552 0.010375 -0.00174175 0.999945 26.2394 
0.999878 -0.00957571 -0.0123273 -0.174627 0.00961553 0.999949 0.00317478 -0.55606 0.0122963 -0.00329293 0.999919 27.4382 
0.999861 -0.0110143 -0.0125159 -0.228778 0.0110558 0.999934 0.00325402 -0.584517 0.0124792 -0.00339194 0.999916 28.6325 
0.999849 -0.0123651 -0.0122285 -0.287441 0.0123987 0.99992 0.00267399 -0.624398 0.0121945 -0.0028252 0.999922 29.8221 
0.999839 -0.0122177 -0.0131087 -0.315508 0.0122377 0.999924 0.00144634 -0.638401 0.01309 -0.00160653 0.999913 31.0218 
0.999846 -0.0109909 -0.0137173 -0.362308 0.0110169 0.999938 0.00182613 -0.656007 0.0136964 -0.00197697 0.999904 32.2253 
0.999836 -0.0110961 -0.0142853 -0.380857 0.0111288 0.999936 0.0022104 -0.668664 0.0142599 -0.00236901 0.999896 33.4139 
0.999811 -0.0112702 -0.0158718 -0.366005 0.0113136 0.999932 0.00264807 -0.688787 0.0158408 -0.00282713 0.999871 34.6088 
0.999835 -0.0104209 -0.014885 -0.384826 0.0104447 0.999944 0.00152184 -0.670101 0.0148683 -0.00167705 0.999888 35.8069 
0.999833 -0.0104764 -0.0149758 -0.418818 0.0104985 0.999944 0.00139806 -0.693965 0.0149603 -0.00155505 0.999887 37.0035 
0.999815 -0.0113981 -0.0155154 -0.426067 0.0114317 0.999932 0.00208163 -0.714844 0.0154907 -0.00225861 0.999877 38.2015 
0.999837 -0.00993261 -0.0150791 -0.440334 0.00998644 0.999944 0.00349851 -0.732776 0.0150435 -0.00364852 0.99988 39.4005 
0.999852 -0.0107185 -0.0134715 -0.538754 0.010775 0.999933 0.00413561 -0.765271 0.0134263 -0.00428015 0.999901 40.5936 
0.99987 -0.0101342 -0.0125205 -0.596731 0.0101903 0.999938 0.00442512 -0.80414 0.0124749 -0.00455214 0.999912 41.7884 
0.999884 -0.00914292 -0.0121681 -0.622364 0.00919861 0.999947 0.00452915 -0.824441 0.012126 -0.00464055 0.999916 42.9858 
0.999913 -0.00597438 -0.0117277 -0.64056 0.00605458 0.999958 0.00681557 -0.846382 0.0116865 -0.00688599 0.999908 44.1858 
0.999942 -0.00298749 -0.0103232 -0.586986 0.00306328 0.999968 0.00733456 -0.803991 0.010301 -0.00736576 0.99992 45.3844 
0.999949 -0.00311801 -0.00955683 -0.605214 0.00321765 0.99994 0.0104283 -0.833447 0.00952374 -0.0104586 0.9999 46.5847 
0.999934 -0.00300161 -0.011084 -0.550286 0.00313807 0.999919 0.0123142 -0.812228 0.0110462 -0.0123482 0.999863 47.789 
0.999966 -0.00440142 -0.00703388 -0.632833 0.00449733 0.999896 0.0136779 -0.827101 0.00697295 -0.0137091 0.999882 48.9893 
0.999964 -0.00604758 -0.00594069 -0.63225 0.00611783 0.999911 0.0118788 -0.823051 0.00586832 -0.0119148 0.999912 50.1884 
0.999962 -0.00532471 -0.00693163 -0.590449 0.00539772 0.99993 0.0105577 -0.843388 0.00687493 -0.0105948 0.99992 51.3888 
0.999958 -0.00593689 -0.00704439 -0.549248 0.00600841 0.99993 0.0101757 -0.856812 0.00698349 -0.0102176 0.999923 52.5895 
0.99995 -0.00566168 -0.00827428 -0.522354 0.00573932 0.999939 0.00938965 -0.862207 0.00822062 -0.00943667 0.999922 53.7948 
0.999922 -0.00783188 -0.00968124 -0.5416 0.00791705 0.99993 0.00879086 -0.879969 0.00961172 -0.00886683 0.999914 54.9987 
0.999885 -0.00889358 -0.0122986 -0.557599 0.00901318 0.999912 0.00970343 -0.904623 0.0122112 -0.00981316 0.999877 56.2037 
0.999864 -0.0083233 -0.0142234 -0.574617 0.00847836 0.999905 0.0108765 -0.914054 0.0141315 -0.0109957 0.99984 57.4113 
0.999848 -0.00878899 -0.0150822 -0.594167 0.00896125 0.999895 0.011392 -0.935687 0.0149805 -0.0115254 0.999821 58.6161 
0.999827 -0.00840041 -0.0165682 -0.579379 0.00858433 0.999902 0.011061 -0.936474 0.0164737 -0.0112013 0.999802 59.8223 
0.9998 -0.00873866 -0.0180047 -0.597896 0.00894265 0.999896 0.0112802 -0.954545 0.0179043 -0.011439 0.999774 61.0259 
0.999732 -0.0115964 -0.0200306 -0.609004 0.0118108 0.999874 0.0106175 -0.967044 0.019905 -0.0108512 0.999743 62.2297 
0.999738 -0.0107408 -0.0202077 -0.62067 0.0109317 0.999896 0.00935876 -0.965651 0.0201051 -0.00957721 0.999752 63.4318 
0.999688 -0.0100656 -0.0228489 -0.58106 0.0102746 0.999906 0.0090485 -0.939891 0.0227557 -0.00928045 0.999698 64.6313 
0.999601 -0.0114321 -0.0258454 -0.593846 0.0117276 0.999867 0.0113106 -0.968902 0.0257127 -0.0116092 0.999602 65.8341 
0.999579 -0.0109025 -0.0268822 -0.600993 0.0111685 0.99989 0.00976285 -0.976759 0.0267728 -0.010059 0.999591 67.0316 
0.999506 -0.0104548 -0.0296396 -0.617396 0.0107352 0.999899 0.00931659 -0.998264 0.0295392 -0.00963018 0.999517 68.2252 
0.999413 -0.00960516 -0.0328864 -0.571518 0.00992427 0.999905 0.00955412 -1.00629 0.0327915 -0.00987489 0.999413 69.4189 
0.999476 -0.00831793 -0.0312839 -0.630271 0.00862564 0.999916 0.00971399 -1.01377 0.0312005 -0.00997874 0.999463 70.6088 
0.999383 -0.00755865 -0.0343091 -0.636402 0.00793375 0.99991 0.0108099 -1.03997 0.0342243 -0.0110754 0.999353 71.7987 
0.999459 -0.00810722 -0.0318713 -0.690712 0.00850365 0.999888 0.0123227 -1.06613 0.0317678 -0.012587 0.999416 72.9838 
0.999544 -0.00588904 -0.0296035 -0.730272 0.0062689 0.999899 0.0127552 -1.06013 0.0295254 -0.012935 0.99948 74.1688 
0.999544 -0.00541155 -0.0296906 -0.701845 0.00571392 0.999933 0.0101089 -1.05703 0.0296339 -0.0102739 0.999508 75.3467 
0.99963 -0.007585 -0.0261128 -0.756811 0.00771568 0.999958 0.00490739 -1.0758 0.0260745 -0.00510705 0.999647 76.5207 
0.999749 -0.00554273 -0.0217117 -0.810604 0.00564929 0.999972 0.00484961 -1.09172 0.0216842 -0.00497105 0.999753 77.6951 
0.999791 -0.00691803 -0.0192254 -0.83475 0.00707974 0.99994 0.00835592 -1.11458 0.0191664 -0.00849028 0.99978 78.8732 
0.999851 -0.00646926 -0.016023 -0.849379 0.00662562 0.999931 0.00972458 -1.12427 0.015959 -0.00982929 0.999824 80.047 
0.999913 -0.00637845 -0.0115157 -0.875995 0.00646902 0.999948 0.00784462 -1.13369 0.0114651 -0.00791844 0.999903 81.2129 
0.999931 -0.00747631 -0.00909498 -0.871736 0.00752153 0.999959 0.00494771 -1.15883 0.00905762 -0.00501577 0.999946 82.3774 
0.999941 -0.00865696 -0.00651584 -0.870814 0.00866723 0.999961 0.00154997 -1.17906 0.00650217 -0.00160635 0.999978 83.5364 
0.999949 -0.00960674 -0.00303759 -0.871697 0.00960835 0.999954 0.000515799 -1.19705 0.00303249 -0.000544959 0.999995 84.6961 
0.999952 -0.00981282 0.000182989 -0.863242 0.0098124 0.99995 0.0021569 -1.21911 -0.000204145 -0.002155 0.999998 85.8558 
0.999953 -0.00886064 0.00387066 -0.867858 0.00885016 0.999957 0.00271834 -1.24682 -0.00389458 -0.00268395 0.999989 87.01 
0.99993 -0.00914199 0.00755012 -0.870479 0.00913667 0.999958 0.000739684 -1.26668 -0.00755657 -0.00067065 0.999971 88.1631 
0.99989 -0.009769 0.0111459 -0.867158 0.00978652 0.999951 -0.00151806 -1.2894 -0.0111306 0.00162697 0.999937 89.3131 
0.999847 -0.00971845 0.0145254 -0.862433 0.00974536 0.999951 -0.00178263 -1.31548 -0.0145074 0.00192391 0.999893 90.4637 
0.999784 -0.0113582 0.0173863 -0.814717 0.0113692 0.999935 -0.000530437 -1.33093 -0.0173792 0.000727991 0.999849 91.6167 
0.999749 -0.0125302 0.0185915 -0.733971 0.0125271 0.999921 0.000282335 -1.3294 -0.0185936 -4.93662e-05 0.999827 92.7697 
0.999665 -0.0124037 0.0227058 -0.728857 0.0123671 0.999922 0.00175252 -1.33978 -0.0227258 -0.00147112 0.999741 93.9266 
0.999584 -0.0142148 0.0251003 -0.707721 0.0141491 0.999896 0.00279505 -1.35533 -0.0251374 -0.00243874 0.999681 95.0831 
0.999418 -0.0153256 0.0304613 -0.722422 0.0153002 0.999882 0.00106613 -1.38697 -0.030474 -0.000599444 0.999535 96.2368 
0.999361 -0.0174593 0.0311977 -0.656859 0.0175424 0.999843 -0.00239052 -1.40767 -0.031151 0.00293627 0.99951 97.3942 
0.999309 -0.0165236 0.0333051 -0.619031 0.0167102 0.999846 -0.00533207 -1.42629 -0.0332119 0.00588492 0.999431 98.5542 
0.999242 -0.0166903 0.0351793 -0.622386 0.0169101 0.999839 -0.00595902 -1.45958 -0.0350742 0.00654938 0.999363 99.723 
0.999178 -0.017403 0.0366078 -0.631853 0.0175939 0.999833 -0.00490096 -1.50052 -0.0365164 0.00554101 0.999318 100.899 
0.99925 -0.0165202 0.0350139 -0.538267 0.0166188 0.999859 -0.00252727 -1.52517 -0.0349673 0.00310726 0.999384 102.077 
0.999319 -0.0169871 0.032768 -0.498134 0.0169956 0.999856 1.98359e-05 -1.56322 -0.0327636 0.000537087 0.999463 103.262 
0.999386 -0.0164291 0.0309407 -0.46687 0.0164108 0.999865 0.000845517 -1.58198 -0.0309505 -0.000337236 0.999521 104.454 
0.999467 -0.0160142 0.0284565 -0.439768 0.0159829 0.999871 0.00132791 -1.59657 -0.0284741 -0.000872385 0.999594 105.653 
0.999551 -0.0154016 0.0256902 -0.42184 0.0153784 0.999881 0.00109926 -1.61092 -0.025704 -0.000703689 0.999669 106.853 
0.999653 -0.0128973 0.0229826 -0.439705 0.0128884 0.999917 0.000533863 -1.62192 -0.0229876 -0.000237468 0.999736 108.059 
0.99974 -0.0130558 0.0187132 -0.40334 0.0130382 0.999914 0.00105992 -1.63942 -0.0187254 -0.000815658 0.999824 109.266 
0.999828 -0.0131021 0.0131168 -0.318947 0.0130817 0.999913 0.00164132 -1.64966 -0.0131371 -0.00146945 0.999913 110.477 
0.999873 -0.0135086 0.00848812 -0.35416 0.0134874 0.999906 0.00254726 -1.67236 -0.00852173 -0.00243245 0.999961 111.693 
0.999906 -0.0133309 0.00306695 -0.337161 0.0133201 0.999905 0.00353188 -1.6928 -0.00311374 -0.00349069 0.999989 112.909 
0.999918 -0.0126093 -0.00224394 -0.309664 0.0126171 0.999914 0.00348219 -1.70637 0.00219984 -0.00351022 0.999991 114.128 
0.999895 -0.0125189 -0.00726935 -0.33881 0.0125443 0.999915 0.00345918 -1.73795 0.00722543 -0.00355001 0.999968 115.348 
0.999837 -0.0125888 -0.0129086 -0.329728 0.012633 0.999915 0.00334858 -1.76467 0.0128654 -0.00351111 0.999911 116.571 
0.999788 -0.0113471 -0.0171831 -0.347892 0.0113937 0.999932 0.00261646 -1.77654 0.0171523 -0.00281168 0.999849 117.797 
0.999745 -0.00942749 -0.0205434 -0.385118 0.00947883 0.999952 0.00240319 -1.79477 0.0205198 -0.0025973 0.999786 119.025 
0.999716 -0.00722959 -0.0226949 -0.43796 0.00729684 0.999969 0.00288191 -1.82149 0.0226733 -0.00304669 0.999738 120.256 
0.999674 -0.00643266 -0.0247011 -0.460724 0.00649944 0.999975 0.00262408 -1.84071 0.0246836 -0.00278377 0.999691 121.486 
0.999639 -0.00453432 -0.0264897 -0.48224 0.00460925 0.999986 0.00276836 -1.85665 0.0264767 -0.00288946 0.999645 122.727 
0.999624 -0.00325759 -0.027221 -0.545926 0.00335993 0.999987 0.00371471 -1.88068 0.0272085 -0.00380477 0.999623 123.966 
0.999607 -0.00384446 -0.0277561 -0.572904 0.00395139 0.999985 0.00379849 -1.88743 0.0277411 -0.00390668 0.999608 125.207 
0.999581 -0.000484964 -0.028957 -0.60508 0.000652341 0.999983 0.00577104 -1.89861 0.0289537 -0.00578751 0.999564 126.453 
0.999559 0.00122326 -0.0296726 -0.613057 -0.00096849 0.999963 0.00859877 -1.90071 0.029682 -0.00856624 0.999523 127.703 
0.999557 -4.14903e-05 -0.0297688 -0.672188 0.000292593 0.999964 0.00843081 -1.91934 0.0297673 -0.00843578 0.999521 128.952 
0.999507 -0.00179524 -0.0313397 -0.681695 0.00202698 0.999971 0.00736444 -1.93611 0.0313256 -0.00742433 0.999482 130.202 
0.999438 -0.00486355 -0.0331656 -0.68294 0.00514655 0.999951 0.00845286 -1.9524 0.0331229 -0.0086188 0.999414 131.458 
0.999397 -0.00681214 -0.034047 -0.728555 0.00716871 0.999921 0.0103618 -1.96605 0.0339737 -0.0105996 0.999367 132.715 
0.999367 -0.00878381 -0.0344673 -0.75206 0.00919871 0.999887 0.0118973 -1.97051 0.0343589 -0.0122069 0.999335 133.977 
0.999371 -0.0104441 -0.0338823 -0.822365 0.0108881 0.999857 0.0129467 -1.97852 0.0337422 -0.0133074 0.999342 135.239 
0.999213 -0.0151189 -0.0366758 -0.845461 0.0155709 0.999806 0.0120695 -2.0025 0.0364862 -0.0126311 0.999254 136.502 
0.999144 -0.0177833 -0.0373575 -0.879388 0.0182105 0.999772 0.0111266 -2.01179 0.0371512 -0.0117974 0.99924 137.768 
0.999112 -0.0192243 -0.0375029 -0.913516 0.0196342 0.999751 0.0105909 -2.00701 0.03729 -0.0113179 0.99924 139.036 
0.999137 -0.0185613 -0.037159 -0.96321 0.0189878 0.999757 0.0111585 -2.00894 0.0369428 -0.0118544 0.999247 140.309 
0.999219 -0.0182495 -0.035052 -1.04605 0.0187058 0.999744 0.0127338 -2.01342 0.0348106 -0.0133795 0.999304 141.582 
0.999298 -0.0158361 -0.0339425 -1.11005 0.0163324 0.999763 0.0143942 -2.02762 0.0337066 -0.0149385 0.99932 142.854 
0.999354 -0.0158053 -0.0322694 -1.18181 0.0162232 0.999787 0.0127289 -2.03976 0.0320614 -0.0132442 0.999398 144.125 
0.999409 -0.014006 -0.0313934 -1.22029 0.014359 0.999836 0.0110459 -2.04648 0.0312336 -0.0114901 0.999446 145.396 
0.99943 -0.0142447 -0.0306076 -1.2743 0.0145132 0.999858 0.00856792 -2.05666 0.0304812 -0.00900725 0.999495 146.665 
0.999367 -0.0160192 -0.0317594 -1.29084 0.0161765 0.999858 0.00470258 -2.08107 0.0316795 -0.00521336 0.999484 147.932 
0.999381 -0.0169103 -0.0308382 -1.34479 0.0169411 0.999856 0.000735884 -2.10016 0.0308213 -0.00125786 0.999524 149.197 
0.999412 -0.0167671 -0.0298932 -1.40252 0.016774 0.999859 -2.1307e-05 -2.12692 0.0298894 -0.000480134 0.999553 150.461 
0.999377 -0.0178013 -0.0304857 -1.43204 0.0178099 0.999841 1.16697e-05 -2.14293 0.0304806 -0.00055461 0.999535 151.725 
0.999359 -0.0183949 -0.0307121 -1.48063 0.0184096 0.999831 0.000195385 -2.16576 0.0307033 -0.000760656 0.999528 152.993 
0.999349 -0.0177556 -0.031404 -1.50929 0.0178029 0.999841 0.00122738 -2.18568 0.0313772 -0.00178566 0.999506 154.257 
0.999207 -0.0187963 -0.035102 -1.50194 0.0188559 0.999821 0.00136633 -2.20149 0.03507 -0.00202713 0.999383 155.522 
0.999199 -0.0184999 -0.0354706 -1.54994 0.0185427 0.999828 0.000875895 -2.2179 0.0354483 -0.00153291 0.99937 156.785 
0.999151 -0.0185407 -0.0367889 -1.60077 0.0186073 0.999826 0.0014704 -2.25253 0.0367553 -0.0021537 0.999322 158.045 
0.999156 -0.0187098 -0.0365804 -1.67543 0.0188162 0.99982 0.00256676 -2.26678 0.0365258 -0.00325289 0.999327 159.307 
0.999188 -0.0179753 -0.0360657 -1.7648 0.0181025 0.999831 0.00320395 -2.29342 0.036002 -0.00385423 0.999344 160.566 
0.999155 -0.0171586 -0.037336 -1.80916 0.0172799 0.999846 0.00292771 -2.3256 0.0372801 -0.0035704 0.999298 161.826 
0.999108 -0.0151377 -0.0394275 -1.80619 0.0152033 0.999883 0.0013661 -2.3252 0.0394022 -0.00196431 0.999222 163.088 
0.999038 -0.0147429 -0.0413098 -1.86464 0.0148197 0.999889 0.00155128 -2.34992 0.0412823 -0.00216199 0.999145 164.351 
0.998985 -0.0151389 -0.0424299 -1.90018 0.015188 0.999884 0.000834651 -2.37364 0.0424124 -0.00147823 0.999099 165.613 
0.99895 -0.0148013 -0.0433608 -1.95676 0.0148096 0.99989 -0.000129396 -2.39861 0.043358 -0.000512898 0.999059 166.874 
0.998922 -0.0142022 -0.0442016 -2.01396 0.0142249 0.999899 0.000199363 -2.41652 0.0441943 -0.000827911 0.999023 168.136 
0.998769 -0.0143044 -0.0474908 -2.00921 0.0143944 0.999895 0.00155329 -2.43401 0.0474636 -0.00223498 0.99887 169.401 
0.998736 -0.0145651 -0.0481097 -2.08301 0.0146819 0.99989 0.00207564 -2.46251 0.0480742 -0.00277936 0.99884 170.662 
0.998718 -0.0131504 -0.048883 -2.15255 0.0132719 0.99991 0.00216259 -2.47148 0.0488502 -0.00280859 0.998802 171.927 
0.998752 -0.012079 -0.0484687 -2.22436 0.0122101 0.999923 0.00240972 -2.48891 0.0484359 -0.00299852 0.998822 173.189 
0.998741 -0.0118644 -0.048748 -2.29074 0.0119554 0.999927 0.00157596 -2.50928 0.0487257 -0.00215678 0.99881 174.452 
0.99874 -0.0116038 -0.0488262 -2.38563 0.0116742 0.999931 0.00115667 -2.5461 0.0488094 -0.00172522 0.998807 175.709 
0.998764 -0.0101831 -0.0486461 -2.44452 0.0102597 0.999946 0.001324 -2.54464 0.04863 -0.00182146 0.998815 176.976 
0.998744 -0.00995123 -0.0490976 -2.49533 0.00995383 0.99995 -0.000191664 -2.55698 0.0490971 -0.000297286 0.998794 178.238 
0.998702 -0.0117822 -0.0495613 -2.55939 0.0117281 0.99993 -0.00138281 -2.5913 0.0495742 0.000799755 0.99877 179.497 
0.998685 -0.0129868 -0.049599 -2.60977 0.0129328 0.999915 -0.00140924 -2.61264 0.0496131 0.000765937 0.998768 180.758 
0.998653 -0.0130549 -0.0502208 -2.67141 0.0131872 0.99991 0.00230371 -2.63751 0.0501863 -0.00296288 0.998735 182.018 
0.998545 -0.0136414 -0.0521751 -2.70902 0.0139797 0.999884 0.00612409 -2.65126 0.0520855 -0.00684457 0.998619 183.283 
0.998587 -0.0130338 -0.0515263 -2.81021 0.013328 0.999897 0.0053701 -2.67147 0.051451 -0.00604925 0.998657 184.536 
0.998584 -0.011437 -0.0519523 -2.87704 0.011572 0.99993 0.00229747 -2.69256 0.0519224 -0.00289541 0.998647 185.784 
0.998604 -0.0111545 -0.051638 -2.98346 0.0111994 0.999937 0.000580092 -2.7193 0.0516282 -0.0011576 0.998666 187.029 
0.998743 -0.010542 -0.0489959 -3.12718 0.0105898 0.999944 0.00071765 -2.76298 0.0489856 -0.00123561 0.998799 188.268 
0.998776 -0.00815934 -0.048782 -3.16371 0.00823894 0.999965 0.00143101 -2.76624 0.0487686 -0.00183117 0.998808 189.515 
0.99873 -0.0094268 -0.0494952 -3.22569 0.00960655 0.999948 0.00339495 -2.78965 0.0494607 -0.00386611 0.998769 190.759 
0.998769 -0.0101293 -0.048554 -3.30873 0.0103568 0.999937 0.00443532 -2.82205 0.048506 -0.00493273 0.998811 191.995 
0.998852 -0.00876486 -0.047087 -3.35335 0.00896083 0.999952 0.00395227 -2.83212 0.0470501 -0.00436967 0.998883 193.229 
0.998919 -0.0101807 -0.0453652 -3.42609 0.0102962 0.999944 0.00231517 -2.85324 0.0453391 -0.00277975 0.998968 194.458 
0.999011 -0.0101324 -0.0432824 -3.50742 0.0101799 0.999948 0.00087793 -2.88 0.0432712 -0.00131767 0.999062 195.682 
0.999134 -0.0120339 -0.0398392 -3.58759 0.0120271 0.999928 -0.000411177 -2.89547 0.0398413 -6.83287e-05 0.999206 196.9 
0.999211 -0.0128108 -0.0375806 -3.65789 0.012811 0.999918 -0.000234718 -2.92193 0.0375805 -0.000246911 0.999294 198.116 
0.999235 -0.0129101 -0.0369268 -3.68371 0.012967 0.999915 0.00130261 -2.93439 0.0369069 -0.00178044 0.999317 199.329 
0.999278 -0.0120429 -0.0360291 -3.73483 0.0121157 0.999925 0.00180185 -2.95781 0.0360047 -0.00223707 0.999349 200.535 
0.999317 -0.0112054 -0.0351994 -3.77565 0.0112721 0.999935 0.00169635 -2.97797 0.0351781 -0.00209196 0.999379 201.736 
0.999342 -0.0110273 -0.0345603 -3.82244 0.0111047 0.999936 0.00204625 -2.9999 0.0345355 -0.00242869 0.999401 202.931 
0.999396 -0.0114723 -0.032802 -3.88202 0.011547 0.999931 0.00209002 -3.01978 0.0327758 -0.00246753 0.99946 204.117 
0.999368 -0.0126251 -0.0332426 -3.89858 0.0126717 0.999919 0.00119248 -3.04039 0.0332249 -0.00161297 0.999447 205.296 
0.999308 -0.0125581 -0.0350013 -3.88414 0.0125873 0.999921 0.000613028 -3.0375 0.0349908 -0.00105318 0.999387 206.467 
0.999293 -0.0144729 -0.0346858 -3.93172 0.0144853 0.999895 0.000105837 -3.05354 0.0346806 -0.000608195 0.999398 207.623 
0.999277 -0.0142323 -0.0352547 -3.99878 0.0142888 0.999897 0.00135056 -3.08263 0.0352319 -0.00185333 0.999377 208.764 
0.999212 -0.0144622 -0.0369658 -3.99242 0.0145536 0.999892 0.00220598 -3.09139 0.0369299 -0.00274223 0.999314 209.893 
0.999215 -0.0139786 -0.0370584 -4.05687 0.014071 0.999899 0.00223286 -3.11799 0.0370234 -0.00275256 0.999311 211.004 
0.999189 -0.0129056 -0.0381411 -4.07428 0.0129664 0.999915 0.00134632 -3.14251 0.0381205 -0.00183978 0.999271 212.1 
0.999126 -0.0128786 -0.0397553 -4.08148 0.012896 0.999917 0.000179571 -3.14203 0.0397497 -0.000692096 0.999209 213.185 
0.999023 -0.014495 -0.041744 -4.15251 0.0144986 0.999895 -0.000215587 -3.18078 0.0417428 -0.000389855 0.999128 214.253 
0.998914 -0.0162577 -0.0436738 -4.1783 0.016194 0.999867 -0.00181159 -3.18492 0.0436974 0.00110237 0.999044 215.312 
0.998799 -0.0170532 -0.0459212 -4.2111 0.0170188 0.999855 -0.00113919 -3.21501 0.0459339 0.0003563 0.998944 216.355 
0.998735 -0.0182948 -0.0468447 -4.25631 0.0182911 0.999833 -0.000508363 -3.22327 0.0468461 -0.000349122 0.998902 217.392 
0.998701 -0.018002 -0.0476766 -4.31904 0.018163 0.999831 0.00294601 -3.26356 0.0476155 -0.00380813 0.998858 218.412 
0.998717 -0.0176958 -0.047451 -4.41894 0.0178732 0.999835 0.00331581 -3.30002 0.0473845 -0.00415966 0.998868 219.41 
0.99865 -0.0159389 -0.0494415 -4.44651 0.0161235 0.999864 0.00333634 -3.3095 0.0493816 -0.00412901 0.998771 220.394 
0.99828 -0.0162155 -0.0563378 -4.44483 0.0164432 0.999858 0.00358186 -3.32812 0.0562718 -0.00450207 0.998405 221.36 
0.997966 -0.0163607 -0.0616114 -4.49889 0.0166321 0.999854 0.00389524 -3.34339 0.0615387 -0.00491205 0.998093 222.301 
0.997849 -0.0161798 -0.0635236 -4.60036 0.0164666 0.999856 0.00399451 -3.37584 0.0634498 -0.00503194 0.997972 223.215 
0.997621 -0.0162129 -0.0670075 -4.64691 0.0164874 0.999858 0.00354666 -3.40067 0.0669405 -0.004643 0.997746 224.111 
0.997323 -0.017712 -0.0709376 -4.69153 0.0179837 0.999833 0.00319226 -3.42979 0.0708692 -0.00445944 0.997476 224.984 
0.997111 -0.016124 -0.0742326 -4.75394 0.0163803 0.999862 0.00284596 -3.44461 0.0741764 -0.00405369 0.997237 225.836 
0.996803 -0.01629 -0.0782212 -4.80692 0.016426 0.999864 0.00109551 -3.4493 0.0781927 -0.00237687 0.996935 226.665 
0.996434 -0.0158934 -0.0828696 -4.85317 0.0159771 0.999872 0.00034712 -3.46125 0.0828535 -0.0016699 0.99656 227.477 
0.996569 -0.0142004 -0.081544 -4.92828 0.0143409 0.999897 0.00113703 -3.47962 0.0815194 -0.00230254 0.996669 228.268 
0.996627 -0.0143995 -0.0807965 -5.00301 0.0146158 0.999891 0.00208694 -3.49579 0.0807576 -0.00326081 0.996728 229.042 
0.996583 -0.0144934 -0.0813212 -5.04946 0.0147698 0.999887 0.00279851 -3.5125 0.0812714 -0.00399005 0.996684 229.799 
0.996611 -0.014334 -0.0809956 -5.1073 0.0145783 0.999891 0.00242559 -3.52897 0.080952 -0.00359815 0.996712 230.539 
0.996644 -0.0143915 -0.0805862 -5.15558 0.0144377 0.999896 -8.70492e-06 -3.53676 0.0805779 -0.00115481 0.996748 231.269 
0.996804 -0.0137201 -0.0787014 -5.2342 0.0136009 0.999905 -0.00205061 -3.55873 0.0787221 0.000973641 0.996896 231.992 
0.997192 -0.0135176 -0.0736561 -5.36144 0.0133609 0.999907 -0.00261949 -3.59207 0.0736846 0.00162802 0.99728 232.704 
0.997265 -0.0130135 -0.0727583 -5.40534 0.0128202 0.999913 -0.00312345 -3.61144 0.0727926 0.00218213 0.997345 233.425 
0.997283 -0.0132132 -0.072472 -5.43106 0.0129549 0.999908 -0.00403364 -3.61781 0.0725186 0.00308382 0.997362 234.142 
0.997354 -0.0130021 -0.0715312 -5.45956 0.0126862 0.999908 -0.00487006 -3.6135 0.0715879 0.00394972 0.997426 234.856 
0.997436 -0.0137754 -0.0702238 -5.49864 0.0134708 0.999898 -0.00480928 -3.63658 0.0702829 0.00385097 0.99752 235.566 
0.997398 -0.0138088 -0.0707527 -5.52276 0.0134568 0.999895 -0.0054487 -3.65436 0.0708204 0.00448242 0.997479 236.272 
0.997737 -0.0139933 -0.0657643 -5.60652 0.0137033 0.999894 -0.00485875 -3.67654 0.0658254 0.00394656 0.997823 236.971 
0.997925 -0.0153361 -0.062541 -5.65076 0.0151097 0.999877 -0.00409171 -3.69439 0.0625961 0.00313824 0.998034 237.669 
0.998045 -0.0163865 -0.0603158 -5.68714 0.0161895 0.999862 -0.00375304 -3.71408 0.060369 0.00276922 0.998172 238.365 
0.998159 -0.01711 -0.0581844 -5.7202 0.0169568 0.999851 -0.00312614 -3.73756 0.0582292 0.00213376 0.998301 239.056 
0.998301 -0.01685 -0.0557792 -5.72884 0.016721 0.999856 -0.00277697 -3.75926 0.055818 0.00183956 0.998439 239.744 
0.998497 -0.01724 -0.0520326 -5.77272 0.0171557 0.999851 -0.00206717 -3.7831 0.0520605 0.00117141 0.998643 240.43 
0.998654 -0.0159101 -0.0493602 -5.79567 0.0157753 0.999871 -0.00311955 -3.79127 0.0494035 0.00233668 0.998776 241.118 
0.998732 -0.017414 -0.0472363 -5.81649 0.0172702 0.999845 -0.00345042 -3.8103 0.0472891 0.00263027 0.998878 241.811 
0.998819 -0.0183489 -0.0449806 -5.84606 0.0182664 0.999831 -0.00224487 -3.824 0.0450142 0.00142058 0.998985 242.507 
0.999065 -0.0188713 -0.0389012 -5.90623 0.0188859 0.999822 6.90797e-06 -3.85963 0.0388941 -0.000741585 0.999243 243.206 
0.999192 -0.0181941 -0.0358346 -5.94102 0.0181966 0.999834 -0.000254468 -3.87255 0.0358333 -0.000397806 0.999358 243.908 
0.999262 -0.0186218 -0.0335811 -5.96095 0.0185726 0.999826 -0.00177675 -3.88862 0.0336083 0.00115175 0.999434 244.612 
0.99937 -0.0185724 -0.0302392 -5.99241 0.0184215 0.999816 -0.00526123 -3.898 0.0303314 0.00470086 0.999529 245.32 
0.999387 -0.0196481 -0.0289729 -6.02363 0.0194539 0.999786 -0.0069693 -3.91364 0.0291036 0.00640139 0.999556 246.034 
0.99937 -0.0198879 -0.0293784 -6.04053 0.0196806 0.999779 -0.00732806 -3.92865 0.0295177 0.00674526 0.999541 246.756 
0.999335 -0.0210186 -0.0297856 -6.06147 0.0208052 0.999756 -0.00745682 -3.94703 0.0299351 0.00683217 0.999528 247.483 
0.999355 -0.0197805 -0.029976 -6.07207 0.0195592 0.999779 -0.00765608 -3.96407 0.0301208 0.00706483 0.999521 248.217 
0.999382 -0.0178431 -0.0302925 -6.09341 0.0175865 0.999807 -0.00871397 -3.97674 0.0304422 0.00817584 0.999503 248.959 
0.999444 -0.0159724 -0.0292749 -6.1135 0.0156758 0.999824 -0.0103336 -3.99453 0.0294348 0.00986898 0.999518 249.704 
0.999408 -0.0191711 -0.0285613 -6.14338 0.0188164 0.999743 -0.0126371 -4.00949 0.0287962 0.0120922 0.999512 250.457 
0.999431 -0.0213677 -0.0261169 -6.18013 0.0210146 0.999685 -0.0137187 -4.02656 0.0264018 0.0131621 0.999565 251.216 
0.999512 -0.0189839 -0.0248133 -6.22874 0.0187454 0.999776 -0.00980857 -4.05166 0.024994 0.00933864 0.999644 251.989 
0.999533 -0.0160948 -0.025979 -6.23001 0.0159988 0.999864 -0.00389949 -4.06249 0.0260383 0.00348204 0.999655 252.773 
0.999551 -0.0167787 -0.0248246 -6.25756 0.0167728 0.999859 -0.000447706 -4.08059 0.0248286 3.11265e-05 0.999692 253.56 
0.999588 -0.0177873 -0.0225347 -6.26825 0.0177393 0.99984 -0.0023293 -4.09387 0.0225726 0.00192859 0.999743 254.354 
0.999691 -0.01629 -0.0187943 -6.2658 0.0161173 0.999827 -0.00930455 -4.09537 0.0189426 0.00899876 0.99978 255.149 
0.999794 -0.0145841 -0.0141462 -6.28827 0.0144117 0.999822 -0.0122132 -4.1173 0.0143218 0.0120069 0.999825 255.955 
0.999824 -0.0139334 -0.0125784 -6.26433 0.013777 0.999828 -0.0124408 -4.13053 0.0127496 0.0122654 0.999843 256.773 
0.999866 -0.0142248 -0.00804799 -6.29372 0.0141455 0.999852 -0.00982338 -4.15985 0.00818653 0.00970823 0.999919 257.601 
0.999858 -0.0164912 -0.00337987 -6.30529 0.0164644 0.999834 -0.00782805 -4.16066 0.00350841 0.00777129 0.999964 258.436 
0.999854 -0.0169659 -0.00190681 -6.28414 0.0169538 0.999837 -0.00617244 -4.17172 0.00201122 0.00613921 0.999979 259.273 
0.999862 -0.0165635 0.00146602 -6.3339 0.0165713 0.999848 -0.00549037 -4.20029 -0.00137486 0.0055139 0.999984 260.111 
0.999892 -0.0142109 0.00367251 -6.3292 0.0142378 0.999871 -0.00739546 -4.23088 -0.00356694 0.00744695 0.999966 260.945 
0.999909 -0.0122254 0.00578895 -6.32272 0.0122813 0.999877 -0.00972771 -4.24269 -0.00566932 0.00979792 0.999936 261.783 
0.999846 -0.0129106 0.011882 -6.38581 0.0130119 0.999879 -0.00848855 -4.28965 -0.011771 0.00864185 0.999893 262.619 
0.99979 -0.0115046 0.0169719 -6.42656 0.0116175 0.999911 -0.00656841 -4.31744 -0.0168948 0.0067642 0.999834 263.461 
0.999736 -0.00989571 0.0207277 -6.41925 0.0100017 0.999937 -0.00501398 -4.33429 -0.0206768 0.00521997 0.999773 264.304 
0.999667 -0.00930787 0.0240602 -6.40782 0.0094342 0.999942 -0.00514219 -4.35563 -0.024011 0.00536747 0.999697 265.144 
0.999656 -0.00873048 0.0247446 -6.3821 0.00890067 0.999937 -0.00677587 -4.35906 -0.0246839 0.00699378 0.999671 265.988 
0.999535 -0.00916137 0.0290794 -6.37377 0.00935938 0.999934 -0.00668066 -4.37373 -0.0290163 0.00694972 0.999555 266.832 
0.999444 -0.0137453 0.0303691 -6.3496 0.0139234 0.999887 -0.00566138 -4.39465 -0.0302879 0.00608108 0.999523 267.679 
0.999416 -0.0141705 0.0310809 -6.32318 0.014348 0.999882 -0.00549557 -4.41177 -0.0309994 0.00593831 0.999502 268.528 
0.999418 -0.0141383 0.0310386 -6.28145 0.0143243 0.999881 -0.00577939 -4.42438 -0.0309532 0.00622064 0.999501 269.376 
0.99946 -0.0130368 0.0301483 -6.26293 0.0131915 0.999901 -0.00493778 -4.44567 -0.030081 0.00533282 0.999533 270.229 
0.99946 -0.0136297 0.0298924 -6.24184 0.0137721 0.999895 -0.00456338 -4.45773 -0.0298271 0.00497259 0.999543 271.083 
0.999504 -0.0142778 0.0280593 -6.19115 0.0144246 0.999883 -0.00503542 -4.46448 -0.0279842 0.00543766 0.999594 271.938 
0.999462 -0.0129054 0.0301676 -6.18114 0.0131183 0.99989 -0.00687071 -4.4692 -0.0300756 0.00726276 0.999521 272.794 
0.9995 -0.0125666 0.0290291 -6.16509 0.0128022 0.999886 -0.00794328 -4.48774 -0.028926 0.00831094 0.999547 273.647 
0.999527 -0.010754 0.0287978 -6.16432 0.0110287 0.999895 -0.00939817 -4.49726 -0.0286937 0.00971133 0.999541 274.504 
0.999619 -0.00926433 0.025987 -6.1338 0.00954109 0.999899 -0.0105463 -4.51379 -0.0258867 0.0107902 0.999607 275.356 
0.99967 -0.00436446 0.0253218 -6.12023 0.00467443 0.999915 -0.012195 -4.50982 -0.0252664 0.0123094 0.999605 276.208 
0.999701 -0.00308494 0.0242459 -6.11622 0.0033773 0.999922 -0.0120265 -4.53287 -0.0242069 0.0121048 0.999634 277.058 
0.999758 -0.000601824 0.0220006 -6.09657 0.000843081 0.99994 -0.0109583 -4.53387 -0.0219927 0.0109742 0.999698 277.907 
0.999758 -0.0015289 0.0219278 -6.15245 0.00174225 0.999951 -0.0097136 -4.54645 -0.0219119 0.00974946 0.999712 278.751 
0.999852 -0.00240545 0.0170394 -6.15802 0.00253883 0.999966 -0.00781034 -4.57804 -0.01702 0.00785245 0.999824 279.59 
0.999917 -0.00245747 0.0126645 -6.1577 0.00254109 0.999975 -0.00659081 -4.60034 -0.012648 0.00662244 0.999898 280.424 
0.999966 -0.00294433 0.00775042 -6.14673 0.00299125 0.999977 -0.00604871 -4.61912 -0.00773243 0.00607169 0.999952 281.245 
0.999989 -0.00377555 0.00287132 -6.13221 0.00379202 0.999976 -0.00575342 -4.63551 -0.00284953 0.00576424 0.999979 282.058 
0.999992 -0.00383261 -0.00141043 -6.13031 0.00382493 0.999978 -0.00540992 -4.65665 0.00143113 0.00540448 0.999984 282.859 
0.99997 -0.00319015 -0.0070231 -6.12317 0.00315003 0.999979 -0.00571703 -4.67182 0.00704119 0.00569473 0.999959 283.643 
0.999937 -0.00263563 -0.0108961 -6.14158 0.00257132 0.999979 -0.00591142 -4.69143 0.0109114 0.00588304 0.999923 284.41 
0.999923 -0.00116128 -0.0123293 -6.18345 0.0010859 0.999981 -0.00611952 -4.70749 0.0123362 0.00610567 0.999905 285.159 
0.999884 -0.00239755 -0.0150253 -6.20223 0.00231906 0.999984 -0.00523949 -4.73378 0.0150376 0.00520404 0.999873 285.889 
0.999773 -0.00428771 -0.0208667 -6.18401 0.00416488 0.999974 -0.00592652 -4.75123 0.0208916 0.00583826 0.999765 286.597 
0.999572 -0.00471575 -0.0288869 -6.17516 0.00451033 0.999964 -0.00717229 -4.7759 0.0289197 0.00703893 0.999557 287.286 
0.999394 -0.00287429 -0.0346972 -6.2432 0.00258425 0.999961 -0.00840129 -4.82189 0.03472 0.00830653 0.999363 287.948 
0.999078 -0.00204514 -0.0428828 -6.26543 0.00160405 0.999945 -0.0103179 -4.83375 0.0429016 0.0102396 0.999027 288.599 
0.998527 -0.00199302 -0.0542209 -6.25887 0.00134998 0.999928 -0.0118937 -4.82654 0.0542407 0.011803 0.998458 289.238 
0.997717 -0.00124334 -0.067529 -6.30439 0.000431894 0.999928 -0.0120295 -4.84493 0.0675391 0.0119728 0.997645 289.866 
0.99637 0.000330891 -0.0851269 -6.38177 -0.00128723 0.999937 -0.0111797 -4.85713 0.0851178 0.0112487 0.996307 290.474 
0.994857 0.00356035 -0.10123 -6.53224 -0.00458928 0.99994 -0.00993323 -4.87965 0.101189 0.0103467 0.994813 291.06 
0.992306 0.00526902 -0.123695 -6.62537 -0.00651672 0.999932 -0.00968451 -4.90423 0.123635 0.0104161 0.992273 291.634 
0.988845 0.00592079 -0.14883 -6.72338 -0.00742424 0.999927 -0.00954822 -4.92854 0.148763 0.0105467 0.988817 292.205 
0.984308 0.00753794 -0.176297 -6.84305 -0.00925249 0.999918 -0.00890538 -4.94808 0.176215 0.0103968 0.984297 292.761 
0.978443 0.00847617 -0.206341 -6.99182 -0.0102754 0.999918 -0.00764951 -4.96074 0.20626 0.00960485 0.97845 293.285 
0.97061 0.00704204 -0.240556 -7.12926 -0.00892567 0.999937 -0.00674162 -4.96582 0.240493 0.00869061 0.970612 293.817 
0.961509 0.006586 -0.274695 -7.31717 -0.00823551 0.999954 -0.00485197 -5.00226 0.27465 0.00692747 0.961519 294.319 
0.950164 0.0073475 -0.311663 -7.49563 -0.00850151 0.999961 -0.00234425 -5.00672 0.311633 0.00487702 0.95019 294.794 
0.936892 0.00821297 -0.349522 -7.70942 -0.00870717 0.999962 0.000157291 -5.0126 0.34951 0.00289598 0.936928 295.266 
0.921666 0.00794712 -0.387904 -7.93058 -0.0077779 0.999968 0.00200625 -5.02838 0.387907 0.00116798 0.921698 295.695 
0.903961 0.00721496 -0.427554 -8.17294 -0.00668457 0.999974 0.00274162 -5.02481 0.427563 0.0003797 0.903986 296.135 
0.883823 0.0068958 -0.46777 -8.43879 -0.00570141 0.999976 0.00396904 -5.03936 0.467786 -0.000840982 0.883841 296.558 
0.860942 0.0062634 -0.508665 -8.70983 -0.00457797 0.999979 0.00456469 -5.04966 0.508683 -0.00160128 0.860952 296.932 
0.832839 0.0030168 -0.553507 -8.96462 -0.00111105 0.999992 0.00377855 -5.06124 0.553514 -0.00253195 0.832836 297.349 
0.803537 0.00417901 -0.59524 -9.2772 -0.00060557 0.999981 0.00620309 -5.0739 0.595255 -0.00462395 0.803524 297.719 
0.770664 0.00553239 -0.637218 -9.57005 -0.000609709 0.999968 0.00794444 -5.08961 0.637242 -0.00573397 0.770643 298.059 
0.734498 0.00558074 -0.678588 -9.909 -0.000138893 0.999967 0.00807344 -5.09057 0.678611 -0.00583568 0.734475 298.395 
0.696131 0.00369087 -0.717905 -10.279 0.00227722 0.99997 0.00734916 -5.05543 0.717911 -0.00675081 0.696102 298.63 
0.65263 -0.00220617 -0.757673 -10.6687 0.00930712 0.999944 0.00510518 -5.05473 0.757619 -0.0103836 0.652614 298.895 
0.602654 -0.0040269 -0.797993 -11.037 0.013869 0.999889 0.00542829 -5.0666 0.797882 -0.0143387 0.602643 299.176 
0.551247 -0.000985968 -0.834342 -11.4183 0.0150159 0.999849 0.00873941 -5.06926 0.834207 -0.017346 0.551179 299.37 
0.499225 0.00576834 -0.866453 -11.8341 0.0145259 0.999782 0.0150254 -5.07932 0.866351 -0.020087 0.499032 299.54 
0.44406 0.0101354 -0.89594 -12.249 0.0147191 0.999719 0.0186047 -5.08723 0.895876 -0.021449 0.443786 299.691 
0.38664 0.0136804 -0.922129 -12.6417 0.0152044 0.99966 0.0212057 -5.08902 0.922105 -0.0222194 0.386301 299.819 
0.328336 0.0154461 -0.944435 -13.0542 0.0172566 0.999601 0.0223477 -5.09099 0.944403 -0.0236352 0.327939 299.919 
0.269419 0.0170768 -0.962872 -13.4589 0.0202729 0.999521 0.0233993 -5.08861 0.96281 -0.0258244 0.268944 299.99 
0.210362 0.0188834 -0.977441 -13.8757 0.0239814 0.999413 0.0244691 -5.08917 0.977329 -0.0285878 0.209786 300.035 
0.147842 0.0206941 -0.988794 -14.2981 0.0275101 0.999308 0.0250274 -5.08793 0.988628 -0.0309019 0.147171 300.05 
0.112166 0.0214278 -0.993458 -14.6047 0.0205829 0.999503 0.0238821 -4.99225 0.993476 -0.023127 0.111669 299.767 
0.0481273 0.0240767 -0.998551 -15.0439 0.0266287 0.999323 0.0253787 -4.99602 0.998486 -0.0278115 0.0474536 299.735 
-0.0166285 0.0277517 -0.999477 -15.4864 0.0326221 0.999098 0.0271984 -4.97845 0.999329 -0.0321527 -0.0175188 299.671 
-0.0830479 0.0319233 -0.996034 -15.9482 0.0394602 0.998808 0.0287221 -4.97474 0.995764 -0.0369184 -0.0842086 299.586 
-0.14936 0.0365164 -0.988108 -16.4022 0.0461425 0.998487 0.0299252 -4.97486 0.987706 -0.0411242 -0.150819 299.469 
-0.216662 0.0408773 -0.975391 -16.8779 0.0520931 0.998184 0.0302611 -4.96645 0.974856 -0.0442547 -0.218398 299.328 
-0.281129 0.0426183 -0.958723 -17.3364 0.056682 0.998007 0.0277435 -4.96602 0.957994 -0.0465428 -0.282985 299.157 
-0.34406 0.0461628 -0.937812 -17.7961 0.059911 0.997835 0.0271375 -4.96629 0.937034 -0.0468483 -0.346081 298.962 
-0.402962 0.0486334 -0.913924 -18.2715 0.0620421 0.997742 0.0257385 -4.97652 0.913111 -0.0463301 -0.405069 298.711 
-0.455221 0.0529482 -0.888803 -18.7006 0.0633169 0.997628 0.027002 -4.97498 0.888124 -0.0439844 -0.457494 298.405 
-0.506212 0.0569716 -0.860525 -19.17 0.0658701 0.997455 0.0272884 -4.97378 0.85989 -0.0428691 -0.508676 298.077 
-0.553237 0.0602894 -0.83084 -19.6217 0.0682095 0.997307 0.0269499 -4.97754 0.830227 -0.0417615 -0.555859 297.736 
-0.592287 0.0654724 -0.803062 -20.066 0.0719404 0.997009 0.0282259 -4.96603 0.802509 -0.0410548 -0.595226 297.345 
-0.628551 0.0651094 -0.775039 -20.5237 0.0740272 0.996974 0.0237182 -4.9685 0.774238 -0.0424659 -0.631469 296.906 
-0.667458 0.0605849 -0.742179 -20.9925 0.0727225 0.997224 0.0160036 -4.95296 0.741088 -0.0432914 -0.67001 296.477 
-0.702863 0.0576329 -0.708987 -21.4511 0.0740837 0.997223 0.00761954 -4.96924 0.707457 -0.0471689 -0.70518 295.969 
-0.736051 0.0590064 -0.674349 -21.8876 0.0757524 0.997116 0.00456529 -4.9833 0.672674 -0.0477232 -0.738399 295.445 
-0.766821 0.0639119 -0.638671 -22.3438 0.0773832 0.996978 0.00685756 -4.99926 0.637179 -0.0441638 -0.76945 294.88 
-0.793524 0.0670631 -0.604833 -22.7519 0.0756989 0.997067 0.0112386 -4.99473 0.603813 -0.0368671 -0.796273 294.279 
-0.819094 0.0720949 -0.569111 -23.1729 0.0766713 0.996929 0.0159414 -4.99222 0.568512 -0.0305769 -0.822106 293.657 
-0.842288 0.0740237 -0.533921 -23.5707 0.0759567 0.996941 0.0183921 -4.97659 0.533649 -0.0250634 -0.845335 292.967 
-0.863502 0.0770801 -0.498421 -23.9547 0.0784499 0.996751 0.0182338 -4.96763 0.498207 -0.0233562 -0.866743 292.262 
-0.883074 0.0822748 -0.461965 -24.3278 0.082501 0.996395 0.01975 -4.96602 0.461925 -0.0206719 -0.886678 291.502 
-0.902213 0.0833565 -0.423158 -24.6934 0.0829383 0.996365 0.0194383 -4.95413 0.42324 -0.0175586 -0.905847 290.736 
-0.919776 0.0822668 -0.383724 -25.0349 0.0821886 0.996478 0.0166316 -4.94407 0.383741 -0.0162403 -0.923298 289.91 
-0.934981 0.0791681 -0.345751 -25.3198 0.0795676 0.996744 0.0130618 -4.93693 0.345659 -0.015298 -0.938236 289.06 
-0.947948 0.0791906 -0.308421 -25.5938 0.0803616 0.996726 0.0089252 -4.92913 0.308118 -0.0163246 -0.951208 288.18 
-0.960153 0.0794714 -0.267937 -25.9169 0.0809257 0.996704 0.00562958 -4.94596 0.267501 -0.0162777 -0.96342 287.27 
-0.968965 0.0808525 -0.233602 -26.1037 0.0822539 0.996604 0.00375317 -4.96688 0.233112 -0.015578 -0.972325 286.32 
-0.976486 0.0824566 -0.199188 -26.3027 0.0829943 0.996534 0.00566353 -4.97071 0.198965 -0.0110011 -0.979945 285.337 
-0.982521 0.0849854 -0.165621 -26.4706 0.0849016 0.99636 0.00759873 -4.97504 0.165664 -0.00659554 -0.98616 284.339 
-0.987075 0.0870884 -0.134532 -26.6066 0.0868865 0.996191 0.00738297 -4.96945 0.134663 -0.00440151 -0.990882 283.305 
-0.990305 0.0897895 -0.105985 -26.631 0.0896317 0.995955 0.00626049 -4.99114 0.106119 -0.00329985 -0.994348 282.229 
-0.992874 0.0906636 -0.0773441 -26.7019 0.0904731 0.995881 0.00597049 -5.0045 0.0775668 -0.00106962 -0.996987 281.141 
-0.994516 0.0916702 -0.050346 -26.7602 0.0915169 0.995789 0.00534673 -5.00043 0.0506241 0.000709901 -0.998718 280.022 
